trapscap4
parameters 8
# exponents ... coefficient
	  0   0   0   1   0   0    1.76880e-01 
	  2   1   0   1   0   0    -6.82561e-02 
	  0   1   1   0   0   0    -6.83142e-02 
	  0   1   0   2   1   0    1.34640e-01 
	  0   1   0   0   0   1    3.59771e-02 
	  1   0   0   2   0   0    9.99660e-02 
	  1   0   1   2   0   0    -6.33950e-02 
	  0   2   1   1   0   0    1.30837e-01 
trapscap10
parameters 10
# exponents ... coefficient
	  0   1   0   1   0   0    2.56953e-02 
	  0   0   0   0   0   1    -2.60170e-02 
	  0   0   0   0   0   0    1.91818e-01 
	  1   0   1   0   0   0    1.33942e-01 
	  0   0   0   1   1   0    -6.54487e-02 
	  1   0   2   0   0   0    -8.18021e-02 
	  1   0   0   0   0   0    7.54768e-02 
	  0   0   1   0   1   0    7.24397e-02 
	  0   0   0   3   0   0    1.21878e-02 
	  1   1   0   0   0   0    -1.57820e-01 
trapclav1
parameters 5
# exponents ... coefficient
	  0   0   0    1.82929e-01 
	  2   1   0    -4.62295e-01 
	  0   1   1    2.52741e-02 
	  3   1   0    -3.78462e-01 
	  3   0   0    3.86054e-02 
levscap1
parameters 11
# exponents ... coefficient
	  0   0   0   0   0   0    1.48493e-01 
	  0   0   1   1   0   0    9.54878e-02 
	  0   2   0   0   1   0    -2.45795e-01 
	  0   0   0   0   0   1    1.41519e-02 
	  0   1   0   0   0   0    -8.47619e-02 
	  0   0   0   0   1   0    9.32765e-02 
	  0   0   0   1   0   0    3.71955e-02 
	  4   0   0   0   0   0    7.27154e-03 
	  1   1   0   2   0   0    2.92102e-02 
	  1   0   1   1   0   1    1.37109e-02 
	  0   0   2   2   0   0    -3.06285e-02 
pectmin2
parameters 9
# exponents ... coefficient
	  0   0   0   0   0   0    1.07589e-01 
	  1   1   0   0   0   0    -2.22706e-01 
	  0   0   0   3   1   0    -1.03487e-02 
	  1   0   0   0   0   1    -1.94989e-02 
	  0   0   1   0   0   0    -1.35793e-02 
	  2   2   0   0   0   0    -1.99398e-01 
	  0   0   0   1   0   0    2.05506e-02 
	  1   1   0   2   0   0    3.77753e-02 
	  1   0   1   0   0   0    -1.24159e-02 
rhomboid3
parameters 9
# exponents ... coefficient
	  0   0   1   1   0   0    8.67953e-02 
	  1   1   0   1   1   0    8.52381e-01 
	  0   0   0   0   0   0    3.53930e-02 
	  1   0   0   0   0   0    8.39395e-06 
	  0   0   0   3   0   1    -1.51381e-02 
	  0   1   0   0   1   0    1.09976e+00 
	  2   1   0   1   0   0    -5.78849e-02 
	  0   0   0   1   0   0    1.34642e-01 
	  1   0   0   3   0   0    5.02675e-02 
serrant2
parameters 8
# exponents ... coefficient
	  1   0   0   1   0   0    -1.01803e-01 
	  0   1   0   0   1   0    -1.22741e+00 
	  0   0   0   1   0   1    -1.00069e-01 
	  1   0   1   1   0   0    -6.66000e-02 
	  0   1   0   0   0   0    6.94359e-02 
	  0   0   0   0   0   0    1.43829e-01 
	  0   0   1   0   0   0    -2.13055e-01 
	  1   1   0   1   1   0    -9.29812e-01 
serrant5
parameters 7
# exponents ... coefficient
	  1   0   0   1   0   0    -1.16848e-01 
	  0   0   0   0   1   0    -9.37100e-02 
	  1   0   1   1   0   0    2.92631e-02 
	  0   0   0   0   0   1    -8.84307e-02 
	  0   0   0   0   0   0    1.34162e-01 
	  2   1   1   0   0   0    4.25559e-02 
	  0   0   1   0   0   0    -1.05844e-01 
serrant8
parameters 7
# exponents ... coefficient
	  1   0   0   1   0   0    -9.00178e-02 
	  0   2   0   1   0   1    1.44581e-01 
	  1   1   1   1   0   0    3.66914e-02 
	  0   0   0   0   0   0    7.27350e-02 
	  0   3   0   0   1   0    -8.24244e-01 
	  1   0   0   1   0   1    5.11842e-02 
	  0   1   1   0   0   0    -8.64383e-02 
deltscap3
parameters 8
# exponents ... coefficient
	  0   0   0    1.35815e-01 
	  1   1   0    3.68693e-02 
	  3   1   0    -4.02769e-03 
	  0   0   1    3.94881e-03 
	  0   0   3    -2.70092e-04 
	  2   2   0    -4.15289e-03 
	  1   2   0    -5.70274e-03 
	  1   0   0    3.10707e-03 
deltscap10
parameters 6
# exponents ... coefficient
	  0   0   0    1.41402e-01 
	  0   1   0    -2.65002e-02 
	  2   1   0    3.90759e-03 
	  1   1   0    7.78236e-03 
	  0   0   1    1.51390e-03 
	  0   0   3    -1.05775e-04 
deltscap11
parameters 6
# exponents ... coefficient
	  0   0   0    1.32425e-01 
	  0   1   0    -2.88165e-02 
	  2   1   0    5.03166e-03 
	  3   1   0    1.18106e-03 
	  1   1   0    -3.77100e-03 
	  2   2   0    -1.73323e-03 
deltclav2
parameters 7
# exponents ... coefficient
	  0   0   0   0   0   0    1.83636e-01 
	  1   0   1   0   0   0    -3.72748e-02 
	  1   1   0   0   0   0    2.19505e-02 
	  2   0   0   1   1   0    -1.06965e-02 
	  1   0   0   0   2   0    -9.85424e-03 
	  0   1   2   0   1   0    -6.12354e-01 
	  1   0   0   2   1   0    -3.28690e-03 
coracobr2
parameters 11
# exponents ... coefficient
	  0   0   0    1.78989e-01 
	  1   1   0    -2.08482e-02 
	  2   2   0    -4.02288e-03 
	  0   0   1    9.02894e-04 
	  0   0   3    -9.45587e-05 
	  0   1   0    5.39086e-03 
	  1   0   1    8.93033e-04 
	  0   0   2    2.55872e-04 
	  1   0   2    -7.05364e-05 
	  3   1   0    1.06876e-03 
	  3   0   1    -5.59146e-05 
infra4
parameters 9
# exponents ... coefficient
	  0   0   0    1.35492e-01 
	  0   1   1    6.66281e-03 
	  1   0   0    8.81997e-03 
	  0   1   3    -9.55020e-04 
	  1   0   1    -2.96198e-03 
	  0   0   1    6.21615e-03 
	  0   1   0    -1.04001e-02 
	  2   1   0    3.02369e-03 
	  2   0   2    -3.10898e-04 
termin2
parameters 7
# exponents ... coefficient
	  0   0   0    1.06978e-01 
	  0   1   0    7.05208e-03 
	  1   0   0    1.75304e-02 
	  0   0   1    1.49131e-02 
	  0   0   3    -1.29100e-03 
	  3   0   0    -1.22656e-03 
	  0   1   1    2.50613e-03 
termaj3
parameters 8
# exponents ... coefficient
	  0   0   0    1.04953e-01 
	  0   1   0    5.67365e-02 
	  0   1   1    -1.43743e-02 
	  2   1   0    -1.15904e-02 
	  0   1   3    4.84203e-04 
	  0   2   1    8.10047e-03 
	  1   1   0    1.99359e-02 
	  3   1   0    -3.70096e-03 
supra3
parameters 8
# exponents ... coefficient
	  0   0   0    1.15207e-01 
	  1   1   0    -8.23373e-03 
	  0   1   0    -1.32825e-02 
	  1   2   1    -2.42791e-03 
	  1   1   2    9.91817e-04 
	  1   0   1    -4.81922e-03 
	  3   0   1    4.16116e-04 
	  0   0   2    -1.12454e-03 
subscap6
parameters 7
# exponents ... coefficient
	  0   0   0    1.43166e-01 
	  0   1   1    -2.69846e-03 
	  1   0   0    -1.71582e-02 
	  0   0   1    -1.56632e-02 
	  0   0   3    1.22178e-03 
	  3   0   0    9.93447e-04 
	  2   1   0    -1.35792e-03 
bicl
parameters 5
# exponents ... coefficient
	  0   0   0   0   0    3.71011e-01 
	  0   0   0   1   0    -2.91826e-02 
	  1   1   0   0   0    -1.42969e-02 
	  0   0   0   0   1    3.57395e-03 
	  3   1   0   0   0    1.29864e-03 
bicb1
parameters 1
# exponents ... coefficient
	  0   0   0   0   0    3.14097e-01 
triclong2
parameters 8
# exponents ... coefficient
	  0   0   0   0    2.91688e-01 
	  0   0   0   1    1.19854e-02 
	  0   1   0   0    2.66704e-02 
	  2   1   0   0    -4.68347e-03 
	  0   0   1   0    1.62540e-03 
	  0   0   3   0    -1.11738e-04 
	  0   0   0   4    -3.93467e-04 
	  0   0   0   2    5.16758e-03 
latdorsi2
parameters 15
# exponents ... coefficient
	  0   0   0   0   0   0   0   0   0    2.89403e-01 
	  0   1   1   0   0   0   0   0   0    3.96121e-01 
	  2   0   0   1   1   0   0   0   0    -1.38590e-01 
	  1   0   0   0   0   0   0   0   0    1.16285e-01 
	  0   0   0   0   0   0   0   1   0    3.69041e-02 
	  0   0   0   2   1   0   0   0   0    1.23843e-01 
	  0   0   1   0   0   0   0   0   1    -1.23422e-02 
	  0   0   0   0   0   0   2   1   0    -6.90664e-03 
	  0   0   0   1   0   0   1   0   0    -9.45500e-03 
	  0   0   0   3   0   1   0   0   0    5.82905e-02 
	  0   1   0   2   0   1   0   0   0    -1.96682e-01 
	  0   2   2   0   0   0   0   0   0    -3.75996e-01 
	  0   0   0   0   1   0   1   1   0    -4.02531e-02 
	  0   0   1   0   0   0   0   0   3    1.86067e-03 
	  0   0   0   0   0   0   0   0   1    -6.20444e-03 
latdorsi4
parameters 17
# exponents ... coefficient
	  0   0   0   0   0   0   0   0   0    3.32393e-01 
	  0   1   1   0   0   0   0   0   0    7.12262e-02 
	  2   0   0   1   1   0   0   0   0    -8.50910e-02 
	  1   0   0   0   0   0   0   0   0    7.82456e-02 
	  0   0   0   0   0   0   0   1   0    3.61654e-02 
	  0   0   1   0   0   0   0   0   1    -3.19586e-02 
	  0   0   0   3   0   1   0   0   0    3.31615e-02 
	  0   0   0   0   0   0   2   1   0    -6.98617e-03 
	  0   0   0   3   1   0   0   0   0    8.34509e-02 
	  0   2   0   0   0   1   0   0   0    -3.65805e-01 
	  0   0   1   0   0   0   2   0   1    2.98442e-03 
	  0   1   0   0   0   0   0   0   0    1.14598e-01 
	  0   0   2   1   0   0   0   0   1    1.46147e-02 
	  0   0   0   0   1   0   1   1   0    -3.30086e-02 
	  0   0   1   0   0   0   0   0   0    4.26108e-02 
	  0   1   0   1   0   0   1   0   0    -1.50010e-02 
	  0   0   1   0   0   0   0   0   3    1.14457e-03 
pectmajt3
parameters 10
# exponents ... coefficient
	  0   0   0   0   0   0   0   0   0    2.01093e-01 
	  1   1   0   0   0   0   0   0   0    -1.30968e-01 
	  0   0   0   3   1   0   0   0   0    5.47172e-02 
	  1   0   0   0   0   1   0   0   0    1.36693e-01 
	  0   0   1   0   0   0   0   1   0    3.75933e-02 
	  0   0   0   1   0   0   1   1   0    -2.84787e-02 
	  1   0   1   0   0   0   0   0   1    1.29529e-02 
	  0   0   0   1   0   0   2   1   0    -9.48441e-03 
	  0   0   0   0   0   2   0   0   0    2.21518e-01 
	  0   0   0   0   0   0   0   1   0    2.11987e-02 
pectmajt5
parameters 12
# exponents ... coefficient
	  0   0   0   0   0   0   0   0   0    1.95040e-01 
	  1   1   0   0   0   0   0   0   0    -1.08778e-01 
	  0   0   0   3   1   0   0   0   0    7.09855e-02 
	  0   0   0   0   0   1   0   0   0    -6.91017e-02 
	  0   0   0   1   0   0   1   1   0    -1.84417e-02 
	  0   0   1   0   1   0   0   0   0    -1.12287e-01 
	  2   2   0   0   0   0   0   0   0    -1.16952e-01 
	  0   0   0   0   0   0   0   0   1    -1.23012e-02 
	  1   0   1   0   1   0   1   0   0    3.48600e-02 
	  0   0   0   0   0   0   1   0   0    -1.41146e-02 
	  0   0   0   0   0   0   0   0   3    8.37807e-04 
	  0   0   0   1   0   0   2   0   0    -4.08529e-03 
pectmajc2
parameters 15
# exponents ... coefficient
	  0   0   0   0   0   0    1.49353e-01 
	  2   0   1   0   0   0    -6.34485e-02 
	  2   1   0   0   0   0    -7.21312e-03 
	  1   0   0   1   1   0    -1.77167e-02 
	  1   0   0   2   1   0    -1.22151e-03 
	  1   0   0   0   0   0    -2.03827e-02 
	  0   0   0   0   0   1    -1.07970e-02 
	  0   0   0   1   0   0    -1.67979e-02 
	  0   0   0   0   0   3    5.84358e-04 
	  2   1   1   0   0   0    -4.01251e-02 
	  0   0   0   3   0   0    1.36248e-03 
	  0   0   0   2   2   0    -3.70479e-03 
	  2   0   2   0   0   0    5.91443e-02 
	  0   0   0   0   1   1    4.15038e-03 
	  0   1   0   0   0   0    3.34919e-02 
tricmed4
parameters 4
# exponents ... coefficient
	  0    9.56665e-02 
	  1    1.38246e-02 
	  4    -2.52903e-04 
	  2    2.58598e-03 
brachialis4
parameters 4
# exponents ... coefficient
	  0    1.42764e-01 
	  1    -2.51173e-04 
	  2    -1.60680e-02 
	  4    8.65705e-04 
brachiorad2
parameters 9
# exponents ... coefficient
	  0   0    3.14470e-01 
	  1   0    -9.27904e-03 
	  0   4    -5.60756e-04 
	  0   1    -2.05886e-03 
	  0   3    3.38706e-03 
	  2   0    -6.10054e-03 
	  4   0    3.98501e-03 
	  0   2    -4.60782e-03 
	  3   0    -1.38781e-02 
pronteres1
parameters 8
# exponents ... coefficient
	  0   0    1.56469e-01 
	  1   1    -6.73931e-04 
	  1   0    -4.91023e-05 
	  0   1    -4.02500e-05 
	  0   2    -3.92339e-03 
	  0   4    1.99509e-04 
	  4   0    3.51880e-04 
	  2   0    -5.59158e-03 
pronteres2
parameters 2
# exponents ... coefficient
	  0    8.42086e-02 
	  1    -6.47438e-03 
supinator3
parameters 3
# exponents ... coefficient
	  0    1.89629e-02 
	  1    6.41861e-03 
	  4    -6.59346e-05 
pronquad2
parameters 3
# exponents ... coefficient
	  0    2.89844e-02 
	  1    -5.22706e-03 
	  4    8.81588e-05 
triclat3
parameters 4
# exponents ... coefficient
	  0    2.32232e-01 
	  1    1.17668e-02 
	  4    -3.25499e-04 
	  2    4.31956e-03 
anconeus2
parameters 4
# exponents ... coefficient
	  0    1.68791e-02 
	  1    2.72483e-03 
	  4    -2.53173e-04 
	  2    3.51592e-03 
