trapscap4
parameters 7
# exponents ... coefficient
	  1   0   0   0   3   0    3.00165e-01 
	  0   2   1   0   0   0    -1.18385e+00 
	  0   2   0   1   0   0    6.91336e-01 
	  0   1   0   0   0   1    -1.87784e-01 
	  0   0   0   0   1   0    3.39818e-01 
	  0   1   0   0   3   0    9.94274e-01 
	  1   3   0   0   0   0    -1.91679e+00 
trapscap10
parameters 11
# exponents ... coefficient
	  0   0   1   0   2   0    6.12315e-01 
	  1   2   0   0   1   0    -1.42331e+00 
	  0   0   0   1   0   0    -8.03548e-02 
	  0   0   0   0   0   1    -7.70599e-02 
	  0   0   0   0   0   0    1.82639e-01 
	  0   0   0   0   3   0    2.07109e-01 
	  1   1   0   1   0   0    -2.74323e+00 
	  0   0   1   1   1   0    -1.31549e+00 
	  1   0   0   0   2   1    7.19005e-01 
	  0   1   0   0   1   0    3.21954e-01 
	  1   0   0   0   1   0    -2.51590e-01 
trapclav1
parameters 5
# exponents ... coefficient
	  0   1   1    5.99982e-01 
	  0   0   0    1.98515e-01 
	  1   2   1    -2.44967e-01 
	  0   1   0    8.01421e-02 
	  1   3   0    -2.09783e+00 
levscap1
parameters 9
# exponents ... coefficient
	  1   1   0   0   2   0    -1.05326e+00 
	  0   0   0   1   0   0    1.30511e-01 
	  0   1   0   0   2   1    -3.38010e+00 
	  0   0   0   0   0   0    1.35798e-01 
	  0   0   1   0   0   0    -1.46382e-01 
	  0   0   1   0   0   1    -7.46156e-01 
	  0   0   0   0   1   0    1.14776e-01 
	  1   1   0   0   0   0    -4.15114e-01 
	  1   0   0   1   0   0    -2.28559e-01 
pectmin2
parameters 7
# exponents ... coefficient
	  0   0   1   0   0   0    2.41339e-01 
	  1   0   0   0   0   0    -4.90448e-02 
	  0   0   0   0   0   0    1.06607e-01 
	  0   1   0   0   2   1    4.72327e-01 
	  1   1   0   1   0   0    -2.14966e-01 
	  0   1   0   0   1   0    -1.86152e-01 
	  0   1   1   0   1   0    6.86023e-01 
rhomboid3
parameters 10
# exponents ... coefficient
	  1   0   0   0   1   0    4.09188e-01 
	  0   1   0   0   0   1    -1.17645e+00 
	  0   1   0   1   0   0    -9.64682e-01 
	  0   0   0   0   0   0    7.75691e-02 
	  0   1   1   0   0   0    -1.41048e-02 
	  0   0   0   0   1   0    1.59754e-01 
	  0   2   1   0   0   1    -7.31943e+00 
	  0   1   1   0   2   0    1.54279e+00 
	  0   0   1   1   0   0    -1.45473e+00 
	  1   0   1   1   0   0    2.55802e+00 
serrant2
parameters 8
# exponents ... coefficient
	  0   1   0   0   2   0    -5.56730e-01 
	  0   1   0   1   0   0    1.39279e+00 
	  1   0   0   0   0   0    -3.67561e-01 
	  0   0   0   0   0   1    -1.53573e-01 
	  0   0   0   0   0   0    1.67156e-01 
	  0   0   2   0   0   0    3.19324e-01 
	  0   1   0   0   1   2    2.31262e+00 
	  0   2   1   1   0   0    4.84450e+00 
serrant5
parameters 6
# exponents ... coefficient
	  0   1   0   0   1   0    -5.01943e-01 
	  0   0   0   1   0   0    -2.45569e-01 
	  1   1   0   0   1   0    4.84765e-01 
	  0   1   0   0   2   1    1.01656e+00 
	  0   0   0   0   0   0    1.25747e-01 
	  1   0   0   0   0   0    -1.45576e-01 
serrant8
parameters 8
# exponents ... coefficient
	  0   1   0   0   1   0    -2.08507e-01 
	  0   1   0   1   2   0    8.34075e-01 
	  0   1   1   0   0   0    1.08300e-01 
	  0   0   3   0   0   1    -1.59985e+00 
	  0   0   0   0   0   0    7.93236e-02 
	  1   1   1   0   0   0    1.74589e-01 
	  0   0   0   0   4   0    1.56021e-01 
	  0   3   0   0   0   0    -4.08847e-01 
deltscap3
parameters 7
# exponents ... coefficient
	  0   0   0    1.35060e-01 
	  0   1   1    1.05825e-01 
	  1   0   0    6.48032e-02 
	  2   1   0    3.08312e-02 
	  2   0   0    -4.20639e-02 
	  1   1   0    -3.23446e-02 
	  1   2   0    -5.05794e-02 
deltscap10
parameters 8
# exponents ... coefficient
	  0   0   0    1.38137e-01 
	  2   0   0    -5.33784e-02 
	  0   0   2    -7.49871e-02 
	  1   1   0    2.65688e-02 
	  0   1   0    7.96551e-03 
	  1   0   0    1.57708e-02 
	  0   0   1    -2.45055e-02 
	  0   3   0    -8.71042e-03 
deltscap11
parameters 7
# exponents ... coefficient
	  0   0   0    1.28219e-01 
	  0   0   2    -8.24445e-02 
	  2   0   0    -6.47185e-02 
	  1   1   0    1.53659e-02 
	  0   0   1    -2.06842e-02 
	  0   2   2    8.08928e-02 
	  1   0   0    -6.60192e-03 
deltclav2
parameters 10
# exponents ... coefficient
	  0   3   1   0   0   0    7.25924e-01 
	  1   0   0   0   0   0    -4.25676e-02 
	  0   0   0   0   0   0    1.80854e-01 
	  0   2   0   1   0   0    -3.58030e-01 
	  0   0   0   2   0   0    -7.78972e-02 
	  0   0   0   0   1   1    -8.25543e-02 
	  0   0   0   1   1   1    -2.44091e-01 
	  0   0   2   0   0   0    3.20865e-01 
	  0   3   0   1   0   0    3.19515e-01 
	  2   0   0   2   0   0    1.22559e+00 
coracobr2
parameters 9
# exponents ... coefficient
	  0   0   0    1.79660e-01 
	  1   0   0    -5.48431e-02 
	  0   1   1    -5.56591e-02 
	  1   1   1    -1.46944e-01 
	  0   0   2    7.72721e-02 
	  2   0   0    -2.97807e-02 
	  0   0   4    -2.25349e-01 
	  1   2   0    3.59972e-02 
	  2   2   0    9.19390e-02 
infra4
parameters 6
# exponents ... coefficient
	  0   1   0    1.27747e-02 
	  1   1   0    2.89580e-02 
	  0   0   0    1.36051e-01 
	  0   2   1    -5.00754e-02 
	  0   1   1    5.82683e-02 
	  0   1   3    -3.18961e-01 
termin2
parameters 4
# exponents ... coefficient
	  0   1   0    1.68704e-02 
	  0   3   1    1.31461e-01 
	  0   0   0    1.11655e-01 
	  0   1   1    4.76330e-02 
termaj3
parameters 7
# exponents ... coefficient
	  1   1   0    -8.18959e-02 
	  0   0   0    1.09909e-01 
	  0   0   1    7.70931e-02 
	  1   0   0    4.82157e-02 
	  2   0   0    7.50045e-02 
	  0   2   2    -3.15910e-01 
	  0   0   2    1.25870e-01 
supra3
parameters 8
# exponents ... coefficient
	  0   0   0    1.15488e-01 
	  0   2   0    -1.46452e-02 
	  0   1   0    -8.28896e-03 
	  1   0   0    -1.94900e-02 
	  1   1   1    5.11313e-02 
	  0   2   1    -4.79400e-02 
	  0   0   2    -6.56551e-02 
	  0   1   1    -1.91017e-02 
subscap6
parameters 4
# exponents ... coefficient
	  0   1   0    -1.71183e-02 
	  0   1   1    -1.14092e-01 
	  0   0   0    1.41015e-01 
	  0   3   1    1.67973e-01 
bicl
parameters 4
# exponents ... coefficient
	  0   0   0   0   0    3.67017e-01 
	  0   0   0   1   0    -2.50565e-02 
	  0   0   0   0   1    3.55321e-03 
	  0   1   0   0   0    -8.70356e-03 
bicb1
parameters 1
# exponents ... coefficient
	  0   0   0   0   0    3.14097e-01 
triclong2
parameters 12
# exponents ... coefficient
	  0   0   0   0    2.94856e-01 
	  0   0   0   1    8.33205e-03 
	  1   1   0   0    -3.58209e-02 
	  0   0   1   0    2.84238e-02 
	  2   0   0   0    4.11747e-02 
	  0   1   1   0    3.24727e-02 
	  0   0   2   0    7.58733e-02 
	  0   0   0   4    8.52882e-04 
	  0   0   0   2    1.66423e-02 
	  1   0   0   0    9.81326e-03 
	  0   0   0   3    -7.16378e-03 
	  1   1   1   0    -5.76321e-02 
latdorsi2
parameters 13
# exponents ... coefficient
	  0   3   0   0   0   1   0   0   0    -1.58079e-01 
	  0   0   1   0   0   0   0   0   0    2.68607e-01 
	  0   0   0   1   3   0   0   0   0    1.18968e+00 
	  0   1   0   0   0   0   0   0   0    2.25934e-01 
	  1   0   0   0   0   0   0   0   0    1.33475e-01 
	  0   0   0   0   0   0   0   0   0    2.69932e-01 
	  1   0   1   0   1   0   0   0   0    -9.66307e-01 
	  0   0   1   0   2   0   1   0   0    -5.81231e-01 
	  0   0   0   0   0   0   0   1   0    -1.83434e-02 
	  0   0   0   0   0   0   1   1   0    -6.92229e-02 
	  0   1   0   0   0   1   0   0   0    -4.17292e-01 
	  1   1   0   1   1   0   0   0   0    2.14536e+00 
	  1   0   0   0   0   0   0   0   1    1.25788e-01 
latdorsi4
parameters 13
# exponents ... coefficient
	  0   0   1   0   0   0   0   0   0    2.63129e-01 
	  0   3   0   0   0   1   0   0   0    -3.64747e+00 
	  0   0   0   1   3   0   0   0   0    7.20973e-01 
	  0   0   0   0   0   0   0   0   0    3.51997e-01 
	  0   1   0   0   0   0   0   0   0    3.60231e-01 
	  0   0   0   0   4   0   0   0   0    -2.59473e-01 
	  0   1   0   0   1   0   0   0   0    -3.92772e-01 
	  0   0   0   0   0   0   1   1   0    -5.30440e-02 
	  0   0   0   0   0   0   0   1   0    -1.48892e-02 
	  1   0   0   0   0   0   1   0   0    1.18213e-01 
	  1   0   0   0   0   0   0   0   0    2.54535e-02 
	  0   0   0   0   0   0   0   0   1    6.07553e-02 
	  0   1   0   0   0   0   2   0   0    -1.42134e-01 
pectmajt3
parameters 11
# exponents ... coefficient
	  0   0   1   0   0   0   0   0   0    2.19747e-01 
	  0   0   0   0   2   1   0   0   0    7.44562e-01 
	  0   2   0   1   0   0   0   0   0    -1.73404e+00 
	  1   1   0   0   0   0   1   0   0    -3.80905e-01 
	  1   2   0   1   0   0   0   0   0    6.24390e+00 
	  0   0   0   0   1   0   1   0   0    -2.34714e-01 
	  0   0   0   0   0   0   0   1   0    -3.74753e-02 
	  0   1   0   0   0   0   0   0   0    -3.86157e-02 
	  0   0   0   0   0   0   1   1   0    -9.44006e-02 
	  0   1   0   0   3   0   0   0   0    1.67959e-01 
	  0   0   0   0   0   0   0   0   0    1.89299e-01 
pectmajt5
parameters 18
# exponents ... coefficient
	  0   0   1   0   0   0   0   0   0    1.05666e-01 
	  0   0   0   0   3   1   0   0   0    1.65748e+00 
	  0   1   0   1   0   0   0   0   0    3.74856e-01 
	  0   1   0   0   0   0   0   0   0    -1.54091e-02 
	  0   0   0   0   0   0   0   1   0    -2.72751e-02 
	  1   2   0   0   0   0   1   0   0    4.11135e-01 
	  1   1   0   1   1   0   0   0   0    -1.67632e+00 
	  0   0   0   0   1   0   1   0   0    -1.76659e-01 
	  1   0   0   0   3   0   0   0   0    1.74356e-01 
	  0   0   0   0   0   0   1   1   0    -6.44083e-02 
	  1   0   0   0   2   1   0   0   0    -1.57687e+00 
	  0   0   0   0   0   0   0   0   0    2.07966e-01 
	  2   0   2   0   0   0   0   0   0    -8.14276e-01 
	  0   0   0   0   1   0   0   1   1    -1.48000e-01 
	  0   0   0   0   1   0   0   0   0    -5.09346e-02 
	  1   0   0   0   0   0   0   0   0    -3.66870e-02 
	  0   0   0   0   2   1   1   0   0    -5.98293e-01 
	  1   1   0   0   0   1   1   0   0    -1.46394e+00 
pectmajc2
parameters 9
# exponents ... coefficient
	  0   3   1   0   0   0    7.96249e-01 
	  1   0   0   0   0   0    -1.04664e-01 
	  0   0   0   0   1   0    -2.07801e-02 
	  0   1   0   1   0   0    -1.06459e-01 
	  0   4   0   0   0   0    -5.46222e-02 
	  0   0   0   0   1   1    -7.40221e-02 
	  0   0   0   0   0   0    1.28881e-01 
	  0   0   0   1   1   0    -4.27667e-02 
	  1   0   1   0   0   0    -4.15425e-01 
tricmed4
parameters 4
# exponents ... coefficient
	  0    9.56665e-02 
	  1    1.38246e-02 
	  4    -2.52903e-04 
	  2    2.58598e-03 
brachialis4
parameters 4
# exponents ... coefficient
	  0    1.42764e-01 
	  1    -2.51206e-04 
	  2    -1.60680e-02 
	  4    8.65705e-04 
brachiorad2
parameters 9
# exponents ... coefficient
	  0   0    3.14470e-01 
	  1   0    -9.27905e-03 
	  0   4    -5.60756e-04 
	  0   1    -2.05887e-03 
	  0   3    3.38705e-03 
	  2   0    -6.10058e-03 
	  4   0    3.98501e-03 
	  0   2    -4.60781e-03 
	  3   0    -1.38781e-02 
pronteres1
parameters 8
# exponents ... coefficient
	  0   0    1.56469e-01 
	  1   1    -6.73931e-04 
	  1   0    -4.91149e-05 
	  0   1    -4.02589e-05 
	  0   2    -3.92339e-03 
	  0   4    1.99509e-04 
	  4   0    3.51880e-04 
	  2   0    -5.59158e-03 
pronteres2
parameters 2
# exponents ... coefficient
	  0    8.42086e-02 
	  1    -6.47438e-03 
supinator3
parameters 3
# exponents ... coefficient
	  0    1.89629e-02 
	  1    6.41861e-03 
	  4    -6.59347e-05 
pronquad2
parameters 3
# exponents ... coefficient
	  0    2.89844e-02 
	  1    -5.22705e-03 
	  4    8.81589e-05 
triclat3
parameters 4
# exponents ... coefficient
	  0    2.32232e-01 
	  1    1.17668e-02 
	  4    -3.25499e-04 
	  2    4.31956e-03 
anconeus2
parameters 4
# exponents ... coefficient
	  0    1.68791e-02 
	  1    2.72483e-03 
	  4    -2.53173e-04 
	  2    3.51592e-03 
