     17.50000000	      6.16307026	   -165.25935295	      5.50754998	      0.14599408	      1.44580779	      0.04959508	    -29.78132426	     -2.32103232	    -11.11022246	     53.78427420	     13.28353408	      1.23293471	     18.04658070	     11.96616102	      6.00891648	     25.64410200	    124.86678433
     17.51000000	      6.12405265	   -165.25473265	      5.53410547	      0.14611409	      1.44583261	      0.04946224	    -29.77882683	     -2.31417286	    -11.06208186	     53.78118252	     13.32267427	      1.25631021	     18.04066940	     12.01016628	      5.99813862	     25.64340272	    124.86467722
     17.52000000	      6.08292406	   -165.25004820	      5.56113050	      0.14623509	      1.44586655	      0.04930547	    -29.77717468	     -2.30804351	    -11.00797616	     53.77724282	     13.36591913	      1.28379300	     18.03287040	     12.06520038	      5.98493913	     25.64194635	    124.86226832
     17.53000000	      6.23233057	   -165.27001413	      5.50579542	      0.14617212	      1.44564144	      0.04925616	    -29.78900282	     -2.25593106	    -10.99291622	     53.82754247	     13.19227984	      1.36507913	     18.07029941	     12.61845816	      5.78603115	     25.57536479	    124.83206442
     17.54000000	      6.17722359	   -165.26704329	      5.54280328	      0.14632534	      1.44566649	      0.04909828	    -29.78958502	     -2.24452714	    -10.92916645	     53.81976030	     13.24738143	      1.39163113	     18.06071482	     12.68084223	      5.77153289	     25.57266890	    124.82975096
     17.55000000	      6.12032310	   -165.26362145	      5.57757247	      0.14646115	      1.44571184	      0.04890714	    -29.79122796	     -2.23635146	    -10.85831705	     53.81114567	     13.30610392	      1.42473500	     18.04844529	     12.75743068	      5.75319602	     25.56899832	    124.82687365
     17.56000000	      6.21973696	   -165.27255993	      5.48621552	      0.14636635	      1.44558532	      0.04892186	    -29.82978002	     -2.20131302	    -10.90491591	     53.85118245	     13.07892268	      1.45293971	     18.06937958	     13.50764217	      5.49719637	     25.48866420	    124.80631378
     17.57000000	      6.15119790	   -165.26679479	      5.53356939	      0.14653024	      1.44561494	      0.04870158	    -29.82894812	     -2.18721559	    -10.82284758	     53.84135714	     13.15051446	      1.48726824	     18.05666791	     13.58696957	      5.47889927	     25.48552830	    124.80357985
     17.58000000	      6.22360605	   -165.26341676	      5.47257026	      0.14650477	      1.44557587	      0.04860190	    -29.85447589	     -2.18050116	    -10.80673066	     53.84162269	     13.01315682	      1.50948796	     18.06712846	     14.18214574	      5.22886519	     25.42357871	    124.79011982
     17.59000000	      6.14627738	   -165.25765257	      5.52838895	      0.14667911	      1.44560840	      0.04839433	    -29.85407653	     -2.16221628	    -10.71435579	     53.82988649	     13.09460207	      1.54723111	     18.05193585	     14.27176513	      5.20784480	     25.41972863	    124.78710094
     17.60000000	      6.21001102	   -165.25247650	      5.46887662	      0.14665777	      1.44555574	      0.04830961	    -29.87604704	     -2.14139145	    -10.70355011	     53.83540902	     12.93541365	      1.57359585	     18.04292057	     14.91787695	      4.89484333	     25.35075188	    124.77599264
     17.61000000	      6.12394569	   -165.24610151	      5.53089309	      0.14683762	      1.44558889	      0.04806116	    -29.87569112	     -2.12139463	    -10.59971707	     53.82211630	     13.02691754	      1.61655037	     18.02556864	     15.01778604	      4.87111085	     25.34668740	    124.77263462
     17.62000000	      6.18915661	   -165.27666170	      5.42360219	      0.14674722	      1.44586531	      0.04805141	    -29.94125146	     -2.17310956	    -10.47045075	     53.73138637	     13.08897255	      1.68466340	     17.93137090	     15.40097076	      4.70786937	     25.26321820	    124.75924677
     17.63000000	      6.09825685	   -165.26372508	      5.49857701	      0.14695055	      1.44587925	      0.04774854	    -29.93467615	     -2.14370587	    -10.36031143	     53.72326439	     13.18460070	      1.73324535	     17.91245145	     15.51859742	      4.68056010	     25.26043233	    124.75530322
     17.64000000	      6.21266433	   -165.23496969	      5.45622109	      0.14692210	      1.44549357	      0.04764074	    -29.93136022	     -2.03554365	    -10.46481535	     53.81333827	     12.85055939	      1.83887304	     17.79118112	     16.50910803	      4.20405048	     25.18824497	    124.72970789
     17.65000000	      6.11042603	   -165.22802757	      5.53321236	      0.14711639	      1.44553027	      0.04737249	    -29.93101007	     -2.00748767	    -10.34169375	     53.79595679	     12.96161653	      1.88675960	     17.76930696	     16.62814988	      4.17545250	     25.18254545	    124.72593116
     17.66000000	      6.19950104	   -165.21974147	      5.44667771	      0.14709427	      1.44548935	      0.04725541	    -29.93122139	     -1.97888859	    -10.32257665	     53.79740799	     12.80934521	      1.93994006	     17.67271198	     17.39802880	      3.72660496	     25.10217515	    124.72031204
     17.67000000	      6.08931903	   -165.21332313	      5.53060490	      0.14727989	      1.44553095	      0.04697870	    -29.93182095	     -1.94818723	    -10.18996748	     53.77824090	     12.92900539	      1.99168312	     17.64929587	     17.52509483	      3.69593519	     25.09666763	    124.71630311
     17.68000000	      6.17573471	   -165.21018821	      5.44411668	      0.14725502	      1.44549646	      0.04688087	    -29.93148653	     -1.91743175	    -10.15876452	     53.77725234	     12.77874513	      2.04421130	     17.55599663	     18.31144862	      3.18568522	     25.01412909	    124.72183791
     17.69000000	      6.05895534	   -165.20280683	      5.53413396	      0.14743274	      1.44553861	      0.04658034	    -29.93162272	     -1.88425252	    -10.01710733	     53.75709933	     12.90674229	      2.09963469	     17.53152100	     18.44620477	      3.15335100	     25.00893825	    124.71765171
     17.70000000	      6.17769898	   -165.20035578	      5.44856572	      0.14738988	      1.44548529	      0.04646850	    -29.93545080	     -1.85404091	     -9.96478621	     53.75430510	     12.78251019	      2.18277810	     17.42177649	     19.24048461	      2.64767143	     24.93158289	    124.72146845
     17.71000000	      6.05441729	   -165.19388319	      5.54579962	      0.14757692	      1.44552274	      0.04618032	    -29.93659469	     -1.81575348	     -9.81615687	     53.73154209	     12.91861391	      2.23841046	     17.39510733	     19.38255042	      2.61341949	     24.92529367	    124.71717627
     17.72000000	      6.15278122	   -165.18957382	      5.44866947	      0.14753474	      1.44549906	      0.04605077	    -29.92818461	     -1.78096584	     -9.77344260	     53.73648501	     12.79416827	      2.30698963	     17.27690874	     20.21144423	      2.05602329	     24.84017651	    124.72752292
     17.73000000	      6.02455951	   -165.18300231	      5.55231082	      0.14772231	      1.44553138	      0.04575839	    -29.92939459	     -1.73883486	     -9.61775932	     53.71203615	     12.93782706	      2.36390204	     17.24897845	     20.35979721	      2.02042286	     24.83375330	    124.72313999
     17.74000000	      6.10964981	   -165.11096382	      5.46611458	      0.14777877	      1.44572913	      0.04560551	    -29.94605039	     -1.72468956	     -8.22754187	     53.05513160	     12.24055248	      0.41723308	     22.62819712	     21.05221860	     -4.51713239	     24.54864011	    127.32765256
     17.75000000	      5.97836600	   -165.10849749	      5.57739298	      0.14794669	      1.44574974	      0.04531903	    -29.94972860	     -1.67666736	     -8.06717414	     53.02914838	     12.38865497	      0.47749288	     22.59258742	     21.20738689	     -4.54943296	     24.54432957	    127.32166779
     17.76000000	      6.11054990	   -165.14728083	      5.46605255	      0.14787771	      1.44567098	      0.04522829	    -29.91951397	     -1.61430213	     -8.01071513	     53.00712642	     12.30385928	      0.58211545	     22.32429180	     22.08123900	     -4.85843981	     24.46788050	    127.25285904
     17.77000000	      5.97305377	   -165.14214149	      5.58120667	      0.14803112	      1.44569661	      0.04492045	    -29.92194913	     -1.56454401	     -7.84449263	     52.98054993	     12.45837699	      0.64356969	     22.28667206	     22.24130163	     -4.89254256	     24.46247091	    127.24679526
     17.78000000	      6.07974355	   -165.14300345	      5.46415399	      0.14800369	      1.44569379	      0.04475434	    -29.88593925	     -1.51920168	     -7.80210549	     52.97909604	     12.38898621	      0.71817903	     21.97156690	     23.12313646	     -5.25843777	     24.36131561	    127.18040076
     17.79000000	      5.93867852	   -165.13853262	      5.58475219	      0.14815553	      1.44571343	      0.04444946	    -29.88929215	     -1.46578686	     -7.63140576	     52.95131286	     12.54899230	      0.77959801	     21.93252913	     23.28715730	     -5.29354671	     24.35599174	    127.17431952
     17.80000000	      6.04456903	   -165.13658229	      5.46837843	      0.14814427	      1.44572114	      0.04428904	    -29.85716105	     -1.42598196	     -7.58769571	     52.97719706	     12.50288374	      0.83921058	     21.60976116	     24.17429840	     -5.68544779	     24.25989714	    127.11405557
     17.81000000	      5.90016970	   -165.13149917	      5.59299400	      0.14828128	      1.44574056	      0.04397416	    -29.86029278	     -1.37020014	     -7.41281606	     52.94934230	     12.66734867	      0.90162749	     21.57029204	     24.34200933	     -5.72116326	     24.25509977	    127.10796560
     17.82000000	      6.00526613	   -165.12625954	      5.47213306	      0.14828600	      1.44575842	      0.04381407	    -29.83070182	     -1.33104586	     -7.36920884	     52.99883730	     12.64218019	      0.94549415	     21.25008659	     25.24271121	     -6.13264253	     24.15527110	    127.05494255
     17.83000000	      5.85833312	   -165.12072674	      5.60024793	      0.14840399	      1.44577724	      0.04348955	    -29.83366725	     -1.27307475	     -7.19123943	     52.97114686	     12.81005594	      1.00850037	     21.21062614	     25.41309881	     -6.16861425	     24.15113465	    127.04886315
     17.84000000	      5.97142419	   -165.11618840	      5.48081516	      0.14839296	      1.44578218	      0.04333448	    -29.81432193	     -1.22960377	     -7.14183326	     53.04020435	     12.80746461	      1.05057172	     20.91452164	     26.31477330	     -6.57698059	     24.05409447	    127.00217888
     17.85000000	      5.82167384	   -165.11111879	      5.61284912	      0.14851240	      1.44579571	      0.04300884	    -29.81792638	     -1.16838981	     -6.96095008	     53.01150269	     12.97939635	      1.11275261	     20.87408385	     26.48824807	     -6.61351180	     24.04955916	    126.99610060
     17.86000000	      5.91776524	   -165.10347573	      5.48354364	      0.14851540	      1.44581625	      0.04284386	    -29.79644568	     -1.12128726	     -6.92541019	     53.10695263	     12.99154302	      1.12546834	     20.58574738	     27.41357652	     -7.04418418	     23.93716447	    126.95359487
     17.87000000	      5.76680776	   -165.09782485	      5.61785970	      0.14861943	      1.44583370	      0.04250970	    -29.79969280	     -1.05860402	     -6.74263888	     53.07863334	     13.16570832	      1.18777162	     20.54573005	     27.58844065	     -7.08062547	     23.93327611	    126.94751643
     17.88000000	      5.87900960	   -165.09341710	      5.48661344	      0.14860884	      1.44584575	      0.04235674	    -29.78884515	     -1.00783542	     -6.69520831	     53.18391842	     13.20519797	      1.20051492	     20.28869842	     28.50918440	     -7.49634985	     23.82215848	    126.90716040
     17.89000000	      5.72553962	   -165.08830172	      5.62431780	      0.14870834	      1.44585248	      0.04201459	    -29.79269827	     -0.94225836	     -6.51081068	     53.15503974	     13.38218879	      1.26149670	     20.24805812	     28.68593351	     -7.53303227	     23.81787751	    126.90106959
     17.90000000	      5.81582338	   -165.08177061	      5.48224017	      0.14871694	      1.44588814	      0.04185691	    -29.78099980	     -0.88757978	     -6.48201429	     53.28755755	     13.43544876	      1.24009551	     20.00563786	     29.62887962	     -7.96873197	     23.68467184	    126.86153806
     17.91000000	      5.66149196	   -165.07633787	      5.62212438	      0.14879497	      1.44589076	      0.04150158	    -29.78463847	     -0.82055092	     -6.29659891	     53.25912943	     13.61397167	      1.30060925	     19.96552228	     29.80609551	     -8.00511244	     23.68095290	    126.85542771
     17.92000000	      5.73864175	   -165.07110373	      5.47987749	      0.14881170	      1.44593868	      0.04134961	    -29.77796048	     -0.76926523	     -6.27743703	     53.41286925	     13.68899641	      1.24653004	     19.75444167	     30.75259049	     -8.46074200	     23.53394413	    126.81703946
     17.93000000	      5.58406318	   -165.06529010	      5.62160225	      0.14887732	      1.44593783	      0.04098159	    -29.78136802	     -0.70090126	     -6.09091964	     53.38480659	     13.86901444	      1.30667737	     19.71489867	     30.93017128	     -8.49671525	     23.53082049	    126.81090131
     17.94000000	      5.67587022	   -165.06500817	      5.47792552	      0.14888934	      1.44596129	      0.04084361	    -29.78556823	     -0.64173475	     -6.06156054	     53.54657090	     13.97060675	      1.24660642	     19.54138030	     31.86939862	     -8.94187959	     23.38099379	    126.77128385
     17.95000000	      5.52040949	   -165.05966386	      5.62079516	      0.14894451	      1.44595838	      0.04047091	    -29.78955733	     -0.57235765	     -5.87495505	     53.51829989	     14.15144450	      1.30548008	     19.50178810	     32.04668558	     -8.97762954	     23.37768377	    126.76512288
     17.96000000	      5.58391264	   -165.05019965	      5.47087279	      0.14900258	      1.44603137	      0.04031268	    -29.79456496	     -0.52308287	     -5.86501276	     53.70129409	     14.28240621	      1.18883571	     19.36541122	     32.99057515	     -9.46494469	     23.18783890	    126.72417767
     17.97000000	      5.42926952	   -165.04566575	      5.61449049	      0.14902732	      1.44602453	      0.03993499	    -29.79936144	     -0.45354257	     -5.67852967	     53.67326518	     14.46308585	      1.24740137	     19.32660239	     33.16676547	     -9.50006478	     23.18575029	    126.71794122
     17.98000000	      5.53257282	   -165.06228797	      5.47104919	      0.14901026	      1.44603979	      0.03984190	    -29.83121401	     -0.39527614	     -5.62801742	     53.84463368	     14.61835123	      1.17317135	     19.22450413	     34.06824012	     -9.92942022	     23.03274284	    126.67408973
     17.99000000	      5.37695800	   -165.05823979	      5.61561688	      0.14905330	      1.44603089	      0.03946845	    -29.83667506	     -0.32426029	     -5.44196858	     53.81577931	     14.80003032	      1.22917323	     19.18456230	     34.24406210	     -9.96453083	     23.02902251	    126.66789300
     18.00000000	      5.46192135	   -165.06874273	      5.46250682	      0.14902809	      1.44608531	      0.03935313	    -29.86952630	     -0.26958630	     -5.39854337	     54.00387945	     14.97989046	      1.12670751	     19.09348612	     35.13386063	    -10.39141718	     22.84280863	    126.62189235
     18.01000000	      5.30615750	   -165.06648315	      5.60821196	      0.14908989	      1.44607116	      0.03899276	    -29.87686646	     -0.19780618	     -5.21270607	     53.97381605	     15.16223758	      1.18078853	     19.05263160	     35.30896614	    -10.42643735	     22.83855220	    126.61565484
     18.02000000	      5.38759067	   -165.07560313	      5.45544364	      0.14910696	      1.44615445	      0.03890254	    -29.92661555	     -0.16458430	     -5.17670441	     54.18140022	     15.37860254	      1.03711697	     18.99792283	     36.19835886	    -10.88919038	     22.62664744	    126.56382607
     18.03000000	      5.23300578	   -165.07380860	      5.60067397	      0.14912981	      1.44613779	      0.03854577	    -29.93464838	     -0.09368670	     -4.99191310	     54.15130020	     15.55995480	      1.09034128	     18.95754175	     36.37078794	    -10.92347022	     22.62301921	    126.55757923
     18.04000000	      5.33178868	   -165.08982417	      5.45794325	      0.14912300	      1.44621185	      0.03849075	    -30.00588143	     -0.06869155	     -4.92740231	     54.34481679	     15.80985896	      0.95569083	     18.93803647	     37.20587615	    -11.36846048	     22.42684659	    126.50387608
     18.05000000	      5.17682015	   -165.08881628	      5.60314018	      0.14915275	      1.44619273	      0.03814156	    -30.01503783	      0.00191610	     -4.74270054	     54.31404607	     15.99138271	      1.00791795	     18.89708254	     37.37716634	    -11.40251700	     22.42277642	    126.49761080
     18.06000000	      5.27494042	   -165.10529195	      5.45672629	      0.14912604	      1.44628986	      0.03810700	    -30.10494651	      0.01829867	     -4.66834679	     54.50808914	     16.26844025	      0.86666263	     18.90533889	     38.18385732	    -11.85132411	     22.21427597	    126.44088009
     18.07000000	      5.12021255	   -165.10544870	      5.60224047	      0.14916439	      1.44626434	      0.03777025	    -30.11552425	      0.08890720	     -4.48384973	     54.47628707	     16.45005319	      0.91766957	     18.86360347	     38.35377106	    -11.88507617	     22.20986127	    126.43460812
     18.08000000	      5.18117015	   -164.95701630	      5.50303105	      0.14933007	      1.44653194	      0.03760989	    -30.31720410	      0.01803474	     -4.56800351	     54.14547455	     17.20828731	      0.11424600	     20.59558676	     39.01998824	    -14.12217004	     21.89615590	    126.18732713
     18.09000000	      5.02586415	   -164.96180855	      5.64882440	      0.14938880	      1.44650118	      0.03727486	    -30.32925273	      0.08692986	     -4.38155978	     54.11510927	     17.38698702	      0.17235114	     20.54949609	     39.19231729	    -14.15367910	     21.89172638	    126.18170753
     18.10000000	      5.17258860	   -165.07247161	      5.50690996	      0.14922387	      1.44650178	      0.03731054	    -30.37818683	      0.14347248	     -4.23092898	     54.28509604	     17.60403741	      0.23527912	     20.44202502	     39.94469060	    -14.38729544	     21.61491181	    126.18942266
     18.11000000	      5.01729074	   -165.07711792	      5.65098614	      0.14926293	      1.44646663	      0.03700066	    -30.39252445	      0.21322266	     -4.04700100	     54.25325296	     17.78323236	      0.28798663	     20.39484609	     40.11349172	    -14.41819369	     21.61140700	    126.18370218
     18.12000000	      5.12041825	   -165.11411139	      5.48093954	      0.14919060	      1.44656617	      0.03700743	    -30.49375225	      0.25789926	     -3.91712105	     54.44034811	     18.08234981	      0.24119671	     20.30053680	     40.82283964	    -14.67823491	     21.39554848	    126.17571073
     18.13000000	      4.96538970	   -165.11943961	      5.62527091	      0.14922859	      1.44652639	      0.03671152	    -30.50957929	      0.32623658	     -3.73350951	     54.40790328	     18.26119808	      0.29324112	     20.25329467	     40.99005476	    -14.70914761	     21.39238232	    126.16978018
     18.14000000	      5.08402790	   -165.14838175	      5.47952960	      0.14914850	      1.44662136	      0.03675397	    -30.64025587	      0.34391866	     -3.58585422	     54.57787401	     18.58133875	      0.25383868	     20.18701463	     41.65433037	    -14.98388063	     21.20080770	    126.14659871
     18.15000000	      4.92859760	   -165.15331311	      5.62359348	      0.14919518	      1.44657958	      0.03646413	    -30.65619652	      0.41146442	     -3.40220339	     54.54530844	     18.76027443	      0.30535422	     20.13973135	     41.82035399	    -15.01477037	     21.19719100	    126.14054507
     18.16000000	      5.03839263	   -165.16394702	      5.47550582	      0.14913229	      1.44670814	      0.03648644	    -30.80115659	      0.41995024	     -3.25935240	     54.71790829	     19.11336165	      0.24578171	     20.11140686	     42.45962587	    -15.33412623	     20.97060326	    126.10436350
     18.17000000	      4.88337761	   -165.17112066	      5.61992636	      0.14918434	      1.44666051	      0.03622420	    -30.81927267	      0.48716699	     -3.07620186	     54.68337793	     19.29173004	      0.29608772	     20.06331336	     42.62373127	    -15.36484630	     20.96700935	    126.09817779
     18.18000000	      5.00028022	   -165.18511455	      5.48117348	      0.14911392	      1.44678483	      0.03626029	    -30.96921624	      0.49329937	     -2.91739248	     54.82487596	     19.66123566	      0.25246620	     20.07699318	     43.21929024	    -15.70764223	     20.75027445	    126.04740122
     18.19000000	      4.84527667	   -165.19303680	      5.62539558	      0.14917026	      1.44673711	      0.03601303	    -30.98809337	      0.55989908	     -2.73453964	     54.78944978	     19.83906983	      0.30221030	     20.02849936	     43.38191380	    -15.73817334	     20.74649196	    126.04111554
     18.20000000	      4.96205118	   -165.20939210	      5.48738068	      0.14909628	      1.44686543	      0.03605217	    -31.13702394	      0.57027914	     -2.56777732	     54.90613757	     20.22213776	      0.27046397	     20.07918121	     43.94588212	    -16.10818467	     20.51925330	    125.97675764
     18.21000000	      4.80719006	   -165.21805313	      5.63144918	      0.14915660	      1.44681947	      0.03582068	    -31.15662558	      0.63624013	     -2.38531729	     54.86981982	     20.39931529	      0.31966515	     20.03023493	     44.10698204	    -16.13844325	     20.51536542	    125.97039389
     18.22000000	      4.92003543	   -165.10530604	      5.56652631	      0.14924768	      1.44704101	      0.03571308	    -31.38800029	      0.56762428	     -2.51292747	     54.53802745	     21.28964694	      0.02097222	     21.17443016	     44.52909624	    -17.71311841	     20.18050817	    125.62085078
     18.23000000	      4.76499801	   -165.11933594	      5.70966474	      0.14931524	      1.44698963	      0.03551397	    -31.40999494	      0.63397151	     -2.33122893	     54.50130212	     21.46353992	      0.07241973	     21.12151806	     44.69118231	    -17.74112159	     20.17689446	    125.61517495
     18.24000000	      4.89034874	   -165.15228953	      5.59380791	      0.14929555	      1.44707922	      0.03540977	    -31.43141392	      0.67876555	     -2.06347385	     54.47557562	     21.75713924	      0.16598493	     21.00003942	     45.13815127	    -17.86362991	     20.03000893	    125.60632873
     18.25000000	      4.73311642	   -165.16500570	      5.73499843	      0.14935595	      1.44704473	      0.03519692	    -31.45337730	      0.74226025	     -1.88246036	     54.44506756	     21.92992975	      0.22008948	     20.95072956	     45.30203896	    -17.89231022	     20.02746630	    125.60022630
     18.26000000	      4.83273118	   -165.28055812	      5.55568691	      0.14913155	      1.44715080	      0.03542244	    -31.58389322	      0.80936823	     -1.70455645	     54.61251062	     22.24460140	      0.32258671	     20.92278634	     45.88723830	    -18.12066932	     19.73675671	    125.57854059
     18.27000000	      4.67940942	   -165.29086330	      5.69795411	      0.14919282	      1.44711887	      0.03522949	    -31.60510618	      0.87306203	     -1.52367732	     54.57721467	     22.41847375	      0.37279864	     20.87131427	     46.04579876	    -18.14864237	     19.73306984	    125.57248547
     18.28000000	      4.80357550	   -165.28048131	      5.60858718	      0.14924348	      1.44723854	      0.03509833	    -31.65018002	      0.88873368	     -1.24886912	     54.54407103	     22.75251805	      0.43855172	     20.76622993	     46.42677783	    -18.29595950	     19.57377679	    125.55097183
     18.29000000	      4.64791899	   -165.29305386	      5.74895530	      0.14930803	      1.44721299	      0.03491545	    -31.67385479	      0.94978309	     -1.06890985	     54.51328687	     22.92465255	      0.49125450	     20.71743343	     46.58772542	    -18.32483969	     19.57095505	    125.54446818
     18.30000000	      4.76410105	   -165.36801579	      5.58824607	      0.14910434	      1.44736267	      0.03516839	    -31.87564394	      0.97705082	     -0.90200605	     54.70639157	     23.32660738	      0.57000573	     20.78274446	     47.11509030	    -18.66932966	     19.20888038	    125.48099175
     18.31000000	      4.61224915	   -165.38087454	      5.73003445	      0.14917291	      1.44733486	      0.03502851	    -31.89992667	      1.03907659	     -0.72287478	     54.66785639	     23.49872393	      0.61766948	     20.73021808	     47.27007590	    -18.69705279	     19.20536035	    125.47463946
     18.32000000	      4.74020649	   -165.35222653	      5.66287746	      0.14925306	      1.44746140	      0.03486420	    -31.93635220	      1.03999293	     -0.43682318	     54.59671728	     23.84005604	      0.68374698	     20.63986848	     47.60487016	    -18.85139393	     19.06506543	    125.44401185
     18.33000000	      4.58582959	   -165.36737129	      5.80213107	      0.14932456	      1.44743762	      0.03473138	    -31.96303621	      1.09895639	     -0.25850406	     54.56340787	     24.01031111	      0.73461193	     20.59040008	     47.76262554	    -18.88004746	     19.06190504	    125.43726395
     18.34000000	      4.71615215	   -165.29668989	      5.70592180	      0.14926952	      1.44762955	      0.03485626	    -32.27958962	      1.07709639	     -0.56002412	     54.16974400	     25.06578812	      0.73355527	     21.77208079	     48.13807914	    -20.47981960	     18.58067082	    124.94149350
     18.35000000	      4.56560431	   -165.31449711	      5.84545617	      0.14933363	      1.44760885	      0.03476153	    -32.30556414	      1.13743302	     -0.38376826	     54.13141872	     25.23256487	      0.78239801	     21.71671484	     48.29141633	    -20.50432179	     18.57752406	    124.93603827
     18.36000000	      4.69596946	   -165.34047773	      5.76776542	      0.14934843	      1.44772447	      0.03468877	    -32.31637941	      1.14438973	     -0.09657362	     54.07095526	     25.53748352	      0.90015910	     21.59542602	     48.65086411	    -20.59236029	     18.42835567	    124.93123510
     18.37000000	      4.54406345	   -165.35757829	      5.90485520	      0.14941442	      1.44770912	      0.03458786	    -32.34332766	      1.20179069	      0.07897752	     54.03714264	     25.70280400	      0.95162154	     21.54310275	     48.80504888	    -20.61751974	     18.42497568	    124.92545240
     18.38000000	      4.67482787	   -165.46655832	      5.77200700	      0.14920204	      1.44784591	      0.03482364	    -32.47135227	      1.22241697	      0.30518647	     54.12515407	     26.04093454	      1.15722336	     21.53515414	     49.25260693	    -20.77728328	     18.09947611	    124.91325334
     18.39000000	      4.52701165	   -165.48058408	      5.90853872	      0.14926396	      1.44783959	      0.03473530	    -32.49709279	      1.28014101	      0.47870202	     54.08771988	     26.20517770	      1.20487927	     21.48163807	     49.40120581	    -20.80163891	     18.09572412	    124.90746915
     18.40000000	      4.65133451	   -165.45644475	      5.84410993	      0.14933677	      1.44796908	      0.03462761	    -32.53684964	      1.28057643	      0.76665879	     54.01010181	     26.52467070	      1.31214272	     21.37690739	     49.70945653	    -20.91326497	     17.93014524	    124.89015207
     18.41000000	      4.50273489	   -165.47199294	      5.97764789	      0.14939994	      1.44796623	      0.03454035	    -32.56452069	      1.33465410	      0.93860798	     53.97724225	     26.68604860	      1.36292019	     21.32694190	     49.85923727	    -20.93817729	     17.92710839	    124.88398423
     18.42000000	      4.64717328	   -165.53956407	      5.85599129	      0.14918198	      1.44810973	      0.03480381	    -32.76462236	      1.34257457	      1.16686521	     54.04598259	     27.04592672	      1.59465757	     21.39592077	     50.26191914	    -21.16958650	     17.58109767	    124.83377548
     18.43000000	      4.50327893	   -165.55340341	      5.98871841	      0.14924207	      1.44811613	      0.03473550	    -32.79070350	      1.39768964	      1.33532484	     54.00831107	     27.20494973	      1.64036065	     21.34406766	     50.40504195	    -21.19324331	     17.57759998	    124.82775619
     18.44000000	      4.62025155	   -165.51565304	      5.93451336	      0.14933893	      1.44824169	      0.03461103	    -32.82799362	      1.39884617	      1.61809474	     53.90373830	     27.51609577	      1.74874568	     21.25809272	     50.68357297	    -21.31845643	     17.42034540	    124.79879197
     18.45000000	      4.47584751	   -165.53060392	      6.06360800	      0.14940022	      1.44824837	      0.03453325	    -32.85534903	      1.44967108	      1.78464312	     53.87150709	     27.67141661	      1.79852178	     21.21069976	     50.82794157	    -21.34254339	     17.41811346	    124.79236987
     18.46000000	      4.61964706	   -165.48181628	      5.88927528	      0.14919959	      1.44833987	      0.03469566	    -33.20432292	      1.60412742	      1.54974470	     53.25749567	     28.64349293	      2.27176440	     22.27746295	     51.02828421	    -22.46453083	     16.98432568	    124.28687976
     18.47000000	      4.47999130	   -165.49899421	      6.01867353	      0.14925903	      1.44835249	      0.03464408	    -33.22947321	      1.65365464	      1.71028310	     53.22168589	     28.79232529	      2.31784862	     22.22397573	     51.16877281	    -22.48649939	     16.98115618	    124.28133233
     18.48000000	      4.59512142	   -165.51213880	      5.99889942	      0.14931003	      1.44845993	      0.03456170	    -33.21394805	      1.61239916	      1.94584182	     53.13885382	     29.03294279	      2.45278557	     22.07754114	     51.50967402	    -22.59208089	     16.82071320	    124.26417256
     18.49000000	      4.45592096	   -165.52806921	      6.12325201	      0.14936822	      1.44847272	      0.03449231	    -33.23954913	      1.65935292	      2.10427797	     53.10748844	     29.17868852	      2.50146619	     22.02917196	     51.64814758	    -22.61341416	     16.81924883	    124.25843152
     18.50000000	      4.57153335	   -165.55948056	      6.07058811	      0.14933301	      1.44860348	      0.03451439	    -33.27745170	      1.63645051	      2.34899638	     53.04887271	     29.42102289	      2.67393400	     21.93787742	     51.98159240	    -22.72090124	     16.65179845	    124.23583077
     18.51000000	      4.43510761	   -165.57451001	      6.19117628	      0.14938776	      1.44861838	      0.03444411	    -33.30317697	      1.68237280	      2.50339700	     53.01859648	     29.56249722	      2.72206995	     21.89230555	     52.11524748	    -22.74143202	     16.65040799	    124.23008640
     18.52000000	      4.52779367	   -165.65435954	      6.08940830	      0.14915346	      1.44873637	      0.03461085	    -33.43060977	      1.72814080	      2.69691871	     52.96684103	     29.81326610	      3.06200221	     21.96487269	     52.45045676	    -22.91660072	     16.34883857	    124.16975293
     18.53000000	      4.39871967	   -165.66795728	      6.20682135	      0.14920937	      1.44875870	      0.03455571	    -33.45531900	      1.77455949	      2.84610752	     52.93216087	     29.95104099	      3.10444712	     21.91840006	     52.57607114	    -22.93558457	     16.34820095	    124.16416499
     18.54000000	      4.47905935	   -165.62871517	      6.16456811	      0.14930769	      1.44888433	      0.03438768	    -33.46954653	      1.77841614	      3.10389640	     52.79273225	     30.19773360	      3.23155856	     21.83757877	     52.79521418	    -23.02092451	     16.25683270	    124.13482794
     18.55000000	      4.35276543	   -165.64352320	      6.27704008	      0.14935216	      1.44890811	      0.03432796	    -33.49534944	      1.82121774	      3.24769510	     52.76273178	     30.32857242	      3.27647339	     21.79609969	     52.91859442	    -23.03984692	     16.25747562	    124.12896610
     18.56000000	      4.44824326	   -165.71352424	      6.21115429	      0.14913661	      1.44878982	      0.03429551	    -33.54993799	      2.01435946	      2.28085770	     51.45057248	     31.53882502	      4.34778154	     23.03252298	     53.15947656	    -24.27372216	     15.90317524	    123.29252750
     18.57000000	      4.32613194	   -165.72397593	      6.31774606	      0.14918227	      1.44880839	      0.03420194	    -33.57211618	      2.05522672	      2.42039527	     51.42425226	     31.66599968	      4.39184192	     22.98972152	     53.27843650	    -24.28906548	     15.90560166	    123.28804690
     18.58000000	      4.39701486	   -165.70690893	      6.24101213	      0.14919634	      1.44898160	      0.03416319	    -33.63252178	      2.05866247	      2.65008000	     51.36528787	     31.90915432	      4.53044702	     22.88109490	     53.49727075	    -24.31565643	     15.84056835	    123.28572026
     18.59000000	      4.28018505	   -165.71922641	      6.34364406	      0.14923446	      1.44900944	      0.03408695	    -33.65618422	      2.09685450	      2.78176014	     51.33920297	     32.02701390	      4.57363188	     22.84100877	     53.60933135	    -24.33081735	     15.84230070	    123.28114822
     18.60000000	      4.16968078	   -165.73040398	      6.43514869	      0.14927312	      1.44905933	      0.03401573	    -33.68051156	      2.12770537	      2.91505590	     51.30930961	     32.14362271	      4.61839701	     22.79813526	     53.72136148	    -24.34758237	     15.84163855	    123.27628128
     18.61000000	      4.32016779	   -165.69893464	      6.25336460	      0.14903018	      1.44911434	      0.03406571	    -33.91859759	      2.30454674	      3.13968989	     51.13532664	     32.37216476	      5.23477332	     22.81298965	     53.84983865	    -24.42067971	     15.62345299	    123.22944734
     18.62000000	      4.21499061	   -165.71130464	      6.34787595	      0.14906701	      1.44915151	      0.03399207	    -33.93940307	      2.33864694	      3.25870563	     51.10898851	     32.47940066	      5.27186739	     22.77631298	     53.95197417	    -24.43470614	     15.62790324	    123.22476137
     18.63000000	      4.11545662	   -165.72149605	      6.43218659	      0.14910054	      1.44920311	      0.03391086	    -33.95980096	      2.36591409	      3.37879412	     51.08035069	     32.58496568	      5.31098171	     22.73815955	     54.05370849	    -24.45009104	     15.63095408	    123.21975390
     18.64000000	      4.08706402	   -165.69369324	      6.37438567	      0.14908593	      1.44957890	      0.03373575	    -33.97404205	      2.28776370	      3.58153569	     50.99230205	     32.73078634	      5.42079171	     22.65927194	     54.21359631	    -24.50020462	     15.62535771	    123.20246701
     18.65000000	      4.00432948	   -165.70402209	      6.46120095	      0.14911979	      1.44959990	      0.03364380	    -33.99288667	      2.32414089	      3.68880491	     50.96953884	     32.82699429	      5.45533196	     22.62812613	     54.30614848	    -24.51339639	     15.62938519	    123.19783048
     18.66000000	      3.92552846	   -165.71327667	      6.53788091	      0.14914893	      1.44963219	      0.03355724	    -34.01242540	      2.35335144	      3.79635234	     50.94395968	     32.92071223	      5.49137684	     22.59530953	     54.39735044	    -24.52788459	     15.63226093	    123.19287619
     18.67000000	      4.15577373	   -165.67906738	      6.37309558	      0.14892515	      1.44938767	      0.03359460	    -34.24284324	      2.68500207	      4.00637315	     50.47198903	     33.08187866	      6.23929225	     22.81483239	     54.38831226	    -24.89627107	     15.62003461	    122.97508482
     18.68000000	      4.07361959	   -165.68747986	      6.44635661	      0.14893227	      1.44942897	      0.03347747	    -34.25752223	      2.70992137	      4.09725183	     50.45450273	     33.16433807	      6.26957238	     22.78989141	     54.46841644	    -24.90766127	     15.62510476	    122.97101466
     18.69000000	      3.99692158	   -165.69590657	      6.51021010	      0.14895014	      1.44948571	      0.03337353	    -34.27354824	      2.72912746	      4.18597197	     50.43418846	     33.24277331	      6.29964409	     22.76356259	     54.54526581	    -24.91989530	     15.62914521	    122.96675330
     18.70000000	      3.92622505	   -165.70226243	      6.56603267	      0.14896469	      1.44955121	      0.03325979	    -34.28867414	      2.74396108	      4.27204269	     50.41364811	     33.31716620	      6.33028182	     22.73792315	     54.61886599	    -24.93260297	     15.63317423	    122.96230529
     18.71000000	      3.90235288	   -165.68044770	      6.51220593	      0.14891861	      1.44988055	      0.03308083	    -34.30765578	      2.67439153	      4.41310974	     50.35160339	     33.41687493	      6.42121300	     22.69664454	     54.73362882	    -24.98125429	     15.64822208	    122.94274241
     18.72000000	      3.84783544	   -165.68822788	      6.57046863	      0.14894089	      1.44990853	      0.03296855	    -34.32219556	      2.69916534	      4.48281499	     50.33602212	     33.47962708	      6.44457535	     22.67776231	     54.79394367	    -24.99113906	     15.65324034	    122.93890980
     18.73000000	      3.79717908	   -165.69435917	      6.62078382	      0.14895452	      1.44993982	      0.03285209	    -34.33624425	      2.71911470	      4.54964088	     50.32008380	     33.53806769	      6.46836834	     22.65950432	     54.85058707	    -25.00142236	     15.65842119	    122.93491841
     18.74000000	      3.75121482	   -165.69885834	      6.66363962	      0.14896611	      1.44997758	      0.03272870	    -34.34954882	      2.73508841	      4.61242118	     50.30440047	     33.59152337	      6.49211364	     22.64253593	     54.90273496	    -25.01184002	     15.66397740	    122.93082094
     18.75000000	      3.71005237	   -165.70191861	      6.69984152	      0.14897535	      1.45001923	      0.03259978	    -34.36210512	      2.74789862	      4.67060895	     50.28925229	     33.63980567	      6.51544567	     22.62716875	     54.95000807	    -25.02221232	     15.67006739	    122.92665638
     18.76000000	      3.67374739	   -165.70377839	      6.73000140	      0.14898278	      1.45006285	      0.03246699	    -34.37398363	      2.75818830	      4.72368233	     50.27479341	     33.68271049	      6.53798290	     22.61361090	     54.99201371	    -25.03238576	     15.67676960	    122.92246360
     18.77000000	      3.64226563	   -165.70461581	      6.75469816	      0.14898871	      1.45010656	      0.03233185	    -34.38521167	      2.76652634	      4.77121107	     50.26119301	     33.72007442	      6.55943177	     22.60207099	     55.02842715	    -25.04222907	     15.68418450	    122.91827365
     18.78000000	      3.61549240	   -165.70461504	      6.77442968	      0.14899334	      1.45014871	      0.03219576	    -34.39586281	      2.77337078	      4.81285288	     50.24854829	     33.75176964	      6.57954908	     22.59270338	     55.05896013	    -25.05163694	     15.69240529	    122.91410917
     18.79000000	      3.59328177	   -165.70387971	      6.78961911	      0.14899706	      1.45018831	      0.03205910	    -34.40596610	      2.77911584	      4.84834335	     50.23696299	     33.77769780	      6.59818525	     22.58568377	     55.08335418	    -25.06054262	     15.70155945	    122.90997838
     18.80000000	      3.57540650	   -165.70250683	      6.80066968	      0.14899997	      1.45022302	      0.03192319	    -34.41561126	      2.78412000	      4.87748578	     50.22649044	     33.79778614	      6.61524906	     22.58116669	     55.10136528	    -25.06891588	     15.71181679	    122.90587359
     18.81000000	      3.55981800	   -165.70047891	      6.80862691	      0.14904818	      1.45020108	      0.03174920	    -34.42582387	      2.78898567	      4.90254811	     50.21645063	     33.81351274	      6.63239131	     22.57922847	     55.11414126	    -25.07750004	     15.72457675	    122.90137776
     18.82000000	      3.55735088	   -165.70109413	      6.81159624	      0.14900540	      1.45034972	      0.03166407	    -34.42779128	      2.79097958	      4.90624140	     50.21484167	     33.81625508	      6.63423016	     22.57850391	     55.11639406	    -25.07854188	     15.72610026	    122.90084107
     18.83000000	      3.54332946	   -165.69704884	      6.81749686	      0.14905256	      1.45025597	      0.03152101	    -34.43691932	      2.79715290	      4.92261610	     50.20789803	     33.82416387	      6.65020746	     22.58220197	     55.11926666	    -25.08625069	     15.74303816	    122.89617598
     18.84000000	      3.54454814	   -165.69817058	      6.81586460	      0.14900335	      1.45029899	      0.03140489	    -34.43908268	      2.79722939	      4.92088870	     50.20662090	     33.82207042	      6.65006486	     22.58265206	     55.11652240	    -25.08678364	     15.74450210	    122.89579918
     18.85000000	      3.55107560	   -165.69332299	      6.80577881	      0.14908732	      1.45042819	      0.03126786	    -34.44411414	      2.79997353	      4.90708918	     50.20658758	     33.80476561	      6.65556006	     22.59591753	     55.09336098	    -25.09024828	     15.76155690	    122.89247513
     18.86000000	      3.57514703	   -165.55153128	      6.68523528	      0.14875099	      1.44999493	      0.03136478	    -34.88054387	      3.36310437	      4.99313131	     49.67044464	     33.72520136	      7.49133832	     23.01025203	     54.44762629	    -26.00695435	     16.24018707	    122.54595794
     18.87000000	      3.58659568	   -165.54793012	      6.67354253	      0.14874826	      1.44998096	      0.03122288	    -34.87438494	      3.36057079	      4.97215031	     49.67377706	     33.71230307	      7.48407199	     23.01926308	     54.42978277	    -26.00547244	     16.23974333	    122.54670557
     18.88000000	      3.60274534	   -165.54521344	      6.65778030	      0.14875759	      1.44998621	      0.03111519	    -34.86833507	      3.35707243	      4.94193380	     49.67911372	     33.69155040	      7.47355089	     23.03111302	     54.40379833	    -26.00269377	     16.23981966	    122.54780174
     18.89000000	      3.52004785	   -165.55313455	      6.71788640	      0.14878242	      1.44988114	      0.03102487	    -34.85440953	      3.40652970	      4.82194025	     49.69100394	     33.66153205	      7.41546463	     23.10168524	     54.29417497	    -25.99490703	     16.25911951	    122.55286486
     18.90000000	      3.54591973	   -165.54827761	      6.68647417	      0.14879221	      1.44991318	      0.03093111	    -34.84693817	      3.39260269	      4.78411234	     49.69732078	     33.63122201	      7.40451963	     23.11447797	     54.26097794	    -25.99227383	     16.25881039	    122.55403004
     18.91000000	      3.56945125	   -165.54291180	      6.65767860	      0.14879453	      1.44990933	      0.03082138	    -34.83768239	      3.38074759	      4.73756708	     49.70772988	     33.59659786	      7.39094147	     23.13295511	     54.22024017	    -25.98861808	     16.26068834	    122.55554967
     18.92000000	      3.60332114	   -165.53813154	      6.62338828	      0.14879323	      1.44992710	      0.03076566	    -34.82814372	      3.36837705	      4.68292675	     49.72060584	     33.55371799	      7.37431682	     23.15304200	     54.17299276	    -25.98322207	     16.26173475	    122.55746158
     18.93000000	      3.47143342	   -165.56490244	      6.71408485	      0.14877616	      1.44981160	      0.03075035	    -34.82588266	      3.41121032	      4.50137409	     49.77481729	     33.48250676	      7.30259185	     23.25541266	     54.00569742	    -25.97064240	     16.30298752	    122.56549449
     18.94000000	      3.51702734	   -165.55560209	      6.66421440	      0.14877389	      1.44985389	      0.03067614	    -34.81255604	      3.38928700	      4.44170570	     49.78801975	     33.43334687	      7.28571388	     23.27537016	     53.95309939	    -25.96588839	     16.30204856	    122.56753704
     18.95000000	      3.39462299	   -165.55461215	      6.70286758	      0.14876572	      1.44991746	      0.03056892	    -34.78931664	      3.37130208	      4.27002303	     49.83333808	     33.38004252	      7.21944303	     23.35825345	     53.77907658	    -25.97404653	     16.32715568	    122.57625541
     18.96000000	      3.45277170	   -165.54579948	      6.64812257	      0.14877095	      1.44992318	      0.03051499	    -34.77503544	      3.34937162	      4.20062074	     49.84899861	     33.32426304	      7.19813827	     23.38042202	     53.71931012	    -25.96847136	     16.32544413	    122.57881548
     18.97000000	      3.43130727	   -165.55684593	      6.68758744	      0.14877874	      1.44982182	      0.03050373	    -34.75715689	      3.35762029	      4.03709118	     49.90498271	     33.27385293	      7.12596348	     23.44815726	     53.57416409	    -25.97354834	     16.33849017	    122.58865577
     18.98000000	      3.49439341	   -165.54617422	      6.62407869	      0.14877445	      1.44983327	      0.03045597	    -34.74032458	      3.33007926	      3.95733608	     49.92559671	     33.20873299	      7.10325063	     23.47477310	     53.50555047	    -25.96713345	     16.33689501	    122.59159625
     18.99000000	      3.40939160	   -165.57062720	      6.67941988	      0.14875343	      1.44980392	      0.03046795	    -34.72551066	      3.31550091	      3.74953729	     50.02032014	     33.14092632	      7.02340061	     23.56308665	     53.32028240	    -25.97775325	     16.35036354	    122.60494288
     19.00000000	      3.48276739	   -165.55757602	      6.60768048	      0.14873927	      1.44981445	      0.03042690	    -34.70551067	      3.28481372	      3.66061767	     50.04436132	     33.06831524	      6.99798013	     23.59247151	     53.24384141	    -25.97059416	     16.34779073	    122.60833414
