IKResults
version=1
nRows=231
nColumns=18
inDegrees=yes

Units are S.I. units (second, meters, Newtons, ...)
If the header above contains a line with 'inDegrees', this indicates whether rotational values are in degrees (yes) or radians (no).

endheader
time	TH_x	TH_y	TH_z	TH_x_trans	TH_y_trans	TH_z_trans	SC_y	SC_z	SC_x	AC_y	AC_z	AC_x	GH_y	GH_z	GH_yy	EL_x	PS_y
      5.70000000	      0.66798290	   -174.43288193	      5.24354474	      0.09095796	      1.16774901	     -0.20806344	    -30.10371899	     -0.58328177	      8.00626056	     63.67494519	     21.86069321	      2.89760735	     44.72947218	     51.86789046	    -54.73623072	     25.32839720	     95.59810095
      5.71000000	      0.66693095	   -174.43339642	      5.24416408	      0.09095795	      1.16775932	     -0.20829712	    -30.10403807	     -0.58326934	      8.00706154	     63.67584026	     21.86139391	      2.89874594	     44.72990602	     51.86924590	    -54.73629528	     25.32914638	     95.59800414
      5.72000000	      0.66517940	   -174.43319674	      5.24470531	      0.09095149	      1.16774942	     -0.20853888	    -30.10371292	     -0.58359995	      8.00810608	     63.67750444	     21.86215281	      2.90058009	     44.73087711	     51.87102293	    -54.73641603	     25.33022434	     95.59783975
      5.73000000	      0.65528750	   -174.42852994	      5.24451632	      0.09089864	      1.16770628	     -0.20880770	    -30.09936846	     -0.58726200	      8.00981289	     63.68484011	     21.86265843	      2.90904967	     44.73602793	     51.87586483	    -54.73829336	     25.33385397	     95.59642205
      5.74000000	      0.65498276	   -174.42991242	      5.24360803	      0.09089999	      1.16768259	     -0.20903351	    -30.10043652	     -0.58783786	      8.00845545	     63.68543718	     21.86143345	      2.90918951	     44.73658960	     51.87538324	    -54.73875287	     25.33417375	     95.59614622
      5.75000000	      0.65470407	   -174.43077327	      5.24206765	      0.09090058	      1.16764832	     -0.20926197	    -30.10103741	     -0.58887286	      8.00654967	     63.68666248	     21.85957839	      2.90961431	     44.73770719	     51.87469483	    -54.73931746	     25.33464341	     95.59579201
      5.76000000	      0.65476649	   -174.43136291	      5.23965436	      0.09089988	      1.16760522	     -0.20949000	    -30.10140517	     -0.59040012	      8.00371878	     63.68830365	     21.85678892	      2.91003485	     44.73927688	     51.87344786	    -54.74002949	     25.33512700	     95.59535176
      5.77000000	      0.45917610	   -174.45007707	      5.25376092	      0.09070572	      1.16787753	     -0.20968132	    -30.12569306	     -0.60557233	      7.86389727	     63.75049412	     21.72639595	      2.98849599	     44.76109698	     51.80241250	    -54.95169311	     25.36304362	     95.47868727
      5.78000000	      0.46205945	   -174.45069749	      5.25090998	      0.09070264	      1.16776675	     -0.20988932	    -30.12610166	     -0.60646117	      7.86087796	     63.75104132	     21.72397385	      2.98735748	     44.76195638	     51.80002451	    -54.95236876	     25.36291212	     95.47822751
      5.79000000	      0.47300950	   -174.44454906	      5.22902105	      0.09066910	      1.16783201	     -0.21010658	    -30.12224548	     -0.61859167	      7.84517226	     63.75574314	     21.70867355	      2.98942875	     44.76708670	     51.78947626	    -54.96253939	     25.36385278	     95.47238954
      5.80000000	      0.47506088	   -174.44580747	      5.22486962	      0.09068331	      1.16771871	     -0.21031462	    -30.12348171	     -0.62071466	      7.84158154	     63.75594793	     21.70535975	      2.98867712	     44.76760147	     51.78699063	    -54.96394090	     25.36380930	     95.47164194
      5.81000000	      0.44979356	   -174.40061837	      5.13317017	      0.09056841	      1.16790400	     -0.21036070	    -30.26038587	     -0.53082822	      7.75438856	     63.84589964	     21.89263588	      3.10739954	     45.02805785	     51.44225654	    -56.13944477	     25.63701294	     94.56705613
      5.82000000	      0.46006642	   -174.39774739	      5.11976566	      0.09058311	      1.16790277	     -0.21055753	    -30.25915654	     -0.53847612	      7.73692214	     63.84664775	     21.87642421	      3.10503331	     45.03512140	     51.43393411	    -56.14129946	     25.63126565	     94.56402849
      5.83000000	      0.38077388	   -174.35390338	      5.14001883	      0.09047081	      1.16795238	     -0.21079734	    -30.28783014	     -0.59166406	      7.60617404	     63.80027008	     21.74566686	      3.16567488	     45.08673454	     51.49770248	    -56.28000817	     25.54465453	     94.42439745
      5.84000000	      0.39562123	   -174.35009815	      5.11908082	      0.09046081	      1.16792653	     -0.21097408	    -30.28574746	     -0.60069924	      7.58835991	     63.80244015	     21.73085837	      3.16109759	     45.09450083	     51.48642183	    -56.28433545	     25.54343766	     94.41921959
      5.85000000	      0.38468035	   -174.33713358	      5.02793855	      0.09035291	      1.16814040	     -0.21116494	    -30.29986263	     -0.66933796	      7.54607228	     63.79787448	     21.68763888	      3.18296220	     45.10689833	     51.48641795	    -56.35134431	     25.55583019	     94.36522614
      5.86000000	      0.40342773	   -174.33019915	      5.00966418	      0.09038547	      1.16815029	     -0.21136131	    -30.29573269	     -0.67513655	      7.51897632	     63.80712970	     21.66416673	      3.17789493	     45.11901995	     51.47087148	    -56.35961696	     25.55528584	     94.35763965
      5.87000000	      0.40380008	   -174.20797750	      4.95713759	      0.09023864	      1.16807834	     -0.21141345	    -30.47262992	     -0.61986317	      7.13135286	     63.20919406	     22.18688669	      2.91096589	     46.58024831	     51.73453582	    -57.94924488	     25.43683882	     91.59193056
      5.88000000	      0.41971226	   -174.20233443	      4.93316775	      0.09024854	      1.16804452	     -0.21156486	    -30.46690343	     -0.63139263	      7.10355489	     63.21754619	     22.16244214	      2.90533442	     46.58920205	     51.71561817	    -57.95017469	     25.43473731	     91.58935984
      5.89000000	      0.39102615	   -174.19225181	      4.83192030	      0.09008588	      1.16827881	     -0.21173780	    -30.47264949	     -0.72226943	      7.05077018	     63.22865875	     22.09783406	      2.93562009	     46.58515486	     51.69941912	    -57.98535578	     25.44237031	     91.56664324
      5.90000000	      0.41315168	   -174.18533895	      4.80970069	      0.09010311	      1.16823949	     -0.21186551	    -30.46756487	     -0.73066695	      7.01534816	     63.24056687	     22.06635152	      2.92823924	     46.59530784	     51.67685849	    -57.99084455	     25.44002795	     91.56196779
      5.91000000	      0.37609293	   -174.16957279	      4.70220304	      0.08989727	      1.16849748	     -0.21201414	    -30.48559263	     -0.83454643	      6.94131946	     63.26513538	     21.97334794	      2.97446533	     46.58238537	     51.66256615	    -58.06572812	     25.45379944	     91.51985068
      5.92000000	      0.32531712	   -173.95194462	      4.70422047	      0.08998697	      1.16839978	     -0.21209038	    -30.74634967	     -0.72282781	      6.45777755	     63.13915070	     22.40933305	      2.98821974	     47.20790690	     51.59215759	    -59.07059693	     25.47245743	     88.61936217
      5.93000000	      0.34146393	   -173.94509120	      4.64082825	      0.08987483	      1.16850650	     -0.21223331	    -30.74015803	     -0.78266015	      6.41332752	     63.15522892	     22.36062039	      3.00290518	     47.21419280	     51.57377668	    -59.08460712	     25.47411798	     88.60916663
      5.94000000	      0.34889074	   -173.93653257	      4.56105303	      0.08976225	      1.16862626	     -0.21234060	    -30.74181580	     -0.86132898	      6.35295486	     63.17764798	     22.29130095	      3.02772603	     47.21524266	     51.55295655	    -59.11979840	     25.47718687	     88.58883623
      5.95000000	      0.34874116	   -173.92450848	      4.49050838	      0.08965643	      1.16873985	     -0.21243396	    -30.75151527	     -0.93802076	      6.28055867	     63.20976784	     22.20941051	      3.05759980	     47.20711827	     51.52919860	    -59.18200833	     25.48112807	     88.55428402
      5.96000000	      0.34149444	   -173.90192435	      4.42767450	      0.08954608	      1.16885152	     -0.21253015	    -30.76828300	     -1.01270164	      6.19579164	     63.25673244	     22.11557224	      3.09375755	     47.18857279	     51.49913271	    -59.28188964	     25.48667296	     88.49911818
      5.97000000	      0.38010571	   -173.88755462	      4.40569122	      0.08958597	      1.16876351	     -0.21262970	    -30.75650317	     -1.01516318	      6.15073327	     63.27678683	     22.07763788	      3.08044924	     47.20646005	     51.46700689	    -59.28727471	     25.48158335	     88.49461442
      5.98000000	      0.36218359	   -173.66987880	      4.39977791	      0.08956971	      1.16894621	     -0.21252268	    -31.11183368	     -1.05175373	      6.02438359	     63.78741411	     22.20150452	      3.12704430	     47.16346297	     51.02636469	    -60.54418849	     25.75111568	     87.46054782
      5.99000000	      0.37921102	   -173.64937895	      4.31746251	      0.08946873	      1.16905701	     -0.21267577	    -31.10551363	     -1.11503862	      5.96597031	     63.79251068	     22.13445901	      3.14225758	     47.18766692	     51.00354250	    -60.56442462	     25.73284280	     87.43870350
      6.00000000	      0.38153984	   -173.62749091	      4.22465641	      0.08936943	      1.16914987	     -0.21277306	    -31.10911191	     -1.19366145	      5.89183984	     63.80380425	     22.04655753	      3.16900355	     47.21064232	     50.97926079	    -60.61128736	     25.71286189	     87.40098580
      6.01000000	      0.42405508	   -173.60996732	      4.19330362	      0.08941432	      1.16906881	     -0.21285911	    -31.09460473	     -1.20101764	      5.83815419	     63.82439952	     21.99904000	      3.15587159	     47.23587450	     50.94331556	    -60.61571523	     25.70350948	     87.39519637
      6.02000000	      0.32578204	   -173.44928169	      4.12776170	      0.08927680	      1.16924355	     -0.21307078	    -31.22373927	     -1.20284854	      5.48140818	     63.28923470	     22.36023483	      2.80178877	     48.72250552	     51.17667120	    -62.20395426	     25.54055301	     83.75530829
      6.03000000	      0.35101113	   -173.43642414	      4.03973032	      0.08918234	      1.16931813	     -0.21314259	    -31.22600370	     -1.27579324	      5.41345700	     63.31802429	     22.28445017	      2.82252281	     48.74015994	     51.14234922	    -62.22209675	     25.53528652	     83.73974592
      6.04000000	      0.39848208	   -173.41657637	      4.00397973	      0.08922490	      1.16922324	     -0.21323692	    -31.20816518	     -1.28565333	      5.35628488	     63.34447665	     22.23433948	      2.80917809	     48.76790523	     51.10257827	    -62.22241654	     25.52706752	     83.73721072
      6.05000000	      0.37886177	   -173.39466072	      3.86313527	      0.08896314	      1.16950796	     -0.21335389	    -31.22101577	     -1.41518585	      5.26371521	     63.38690912	     22.11805852	      2.86074075	     48.77886222	     51.05828990	    -62.29067786	     25.51571651	     83.70170018
      6.06000000	      0.42656977	   -173.37163919	      3.83123542	      0.08902060	      1.16939956	     -0.21345594	    -31.20118069	     -1.42119027	      5.20199313	     63.41806150	     22.06429810	      2.84624217	     48.80796525	     51.01408464	    -62.29608360	     25.50587635	     83.69679382
      6.07000000	      0.32387303	   -173.18391435	      3.80613248	      0.08893094	      1.16963043	     -0.21341875	    -31.54066440	     -1.42710568	      5.11265870	     63.97656241	     22.12422509	      3.00269936	     48.80965238	     50.41465459	    -63.59530872	     25.68498935	     82.61193299
      6.08000000	      0.35147247	   -173.15983450	      3.72443408	      0.08884075	      1.16968716	     -0.21353311	    -31.52565566	     -1.48811136	      5.03684705	     63.99529466	     22.03976650	      3.01757638	     48.84524358	     50.38650834	    -63.61756711	     25.66681584	     82.58702744
      6.09000000	      0.35309982	   -173.13623104	      3.63811864	      0.08875586	      1.16974520	     -0.21369081	    -31.51500286	     -1.55911256	      4.94265785	     64.02216931	     21.93338075	      3.04005623	     48.88056369	     50.34425895	    -63.67086749	     25.63892521	     82.54452634
      6.10000000	      0.40493469	   -173.10845449	      3.60463913	      0.08881564	      1.16960985	     -0.21381054	    -31.48740993	     -1.56323616	      4.87795872	     64.05473164	     21.87704889	      3.02407606	     48.91732409	     50.29944964	    -63.67280431	     25.62734374	     82.53957647
      6.11000000	      0.26038580	   -173.05698884	      3.55111235	      0.08869899	      1.16975658	     -0.21407317	    -31.46712544	     -1.53521421	      4.64860967	     63.56813885	     22.12411202	      2.64568725	     50.44209297	     50.44261483	    -65.42500921	     25.49742437	     78.95388490
      6.12000000	      0.31650090	   -173.02924497	      3.51141646	      0.08876710	      1.16961519	     -0.21420331	    -31.44007707	     -1.54380573	      4.58316095	     63.60246901	     22.06718086	      2.63013613	     50.48060182	     50.39762040	    -65.42012307	     25.48800007	     78.95321344
      6.13000000	      0.29008998	   -173.00987544	      3.37475557	      0.08853722	      1.16984871	     -0.21435600	    -31.43823783	     -1.66384114	      4.48084905	     63.65072728	     21.94303047	      2.67524404	     50.51447774	     50.33726976	    -65.46853017	     25.46939418	     78.92562652
      6.14000000	      0.34341546	   -172.97775677	      3.34096099	      0.08861085	      1.16970361	     -0.21450218	    -31.40588663	     -1.66728321	      4.41088647	     63.69168467	     21.88229240	      2.65941158	     50.55597763	     50.28704483	    -65.46877844	     25.45752300	     78.92258139
      6.15000000	      0.18088309	   -172.95112138	      3.31022558	      0.08845996	      1.16984518	     -0.21458212	    -31.50818639	     -1.58948395	      4.34563348	     64.13383656	     21.81189282	      2.91561691	     50.59485232	     49.66506060	    -66.62362251	     25.61920267	     78.02079969
      6.16000000	      0.23955475	   -172.91675352	      3.26982917	      0.08855576	      1.16967333	     -0.21474561	    -31.47399700	     -1.59649125	      4.27669027	     64.17100267	     21.75173178	      2.89915352	     50.64008869	     49.61882838	    -66.61832107	     25.60700952	     78.01897131
      6.17000000	      0.19833716	   -172.89191795	      3.13763602	      0.08836178	      1.16988544	     -0.21495246	    -31.45667355	     -1.70795664	      4.16657060	     64.20822758	     21.61956337	      2.93764008	     50.69598852	     49.55572717	    -66.67291007	     25.57119693	     77.98028839
      6.18000000	      0.25278487	   -172.85351775	      3.10477936	      0.08844910	      1.16972094	     -0.21513494	    -31.41607407	     -1.70880337	      4.09360170	     64.25366433	     21.55585508	      2.92189240	     50.74564063	     49.50487632	    -66.67210854	     25.55793992	     77.97626654
      6.19000000	      0.08090422	   -172.79693063	      3.09657510	      0.08824507	      1.16967105	     -0.21539149	    -31.50597456	     -1.52187635	      4.12647716	     63.83964519	     21.57084177	      2.90250201	     52.29189797	     49.26647167	    -68.62811997	     25.50544226	     75.35150438
      6.20000000	      0.14002407	   -172.75779884	      3.05352307	      0.08834931	      1.16949421	     -0.21558866	    -31.46115026	     -1.52661327	      4.05300908	     63.88715852	     21.50870442	      2.88377348	     52.34070754	     49.22064102	    -68.62099155	     25.49606880	     75.35070928
      6.21000000	     -0.11139157	   -172.80809630	      2.97687154	      0.08820640	      1.16974112	     -0.21588452	    -31.31771047	     -1.55314693	      3.83918514	     64.01827846	     21.30497043	      2.87126137	     52.35704656	     49.09749794	    -68.80368562	     25.44813831	     75.21361952
      6.22000000	     -0.04617835	   -172.76442248	      2.93327333	      0.08832038	      1.16954626	     -0.21610249	    -31.26924271	     -1.55966902	      3.76721511	     64.06876713	     21.24230841	      2.85709014	     52.40872441	     49.05062516	    -68.80027398	     25.43992494	     75.21088072
      6.23000000	     -0.12027127	   -172.82851837	      2.83513790	      0.08812227	      1.16948441	     -0.21630678	    -31.17485334	     -1.38408899	      3.82902379	     63.89320862	     21.18277122	      2.94217916	     53.34963755	     48.76189184	    -70.24987133	     25.56346359	     73.10415954
      6.24000000	     -0.05899465	   -172.78318425	      2.79231709	      0.08824715	      1.16929671	     -0.21653580	    -31.12395155	     -1.38903466	      3.75325087	     63.94810512	     21.11838203	      2.92477928	     53.40653342	     48.71489060	    -70.23999538	     25.55440839	     73.10415397
      6.25000000	     -0.30872413	   -172.84839990	      2.72444740	      0.08810962	      1.16953620	     -0.21682562	    -30.98786483	     -1.41890575	      3.55688269	     64.07388248	     20.92619565	      2.91321714	     53.48374014	     48.56436268	    -70.37576334	     25.51809646	     72.98976986
      6.26000000	     -0.24301494	   -172.79725365	      2.68103849	      0.08824553	      1.16932402	     -0.21706756	    -30.93118536	     -1.42498834	      3.48257901	     64.13259206	     20.86067542	      2.90162697	     53.54321291	     48.51790119	    -70.37011606	     25.51062510	     72.98768257
      6.27000000	     -0.41952582	   -172.99322485	      2.61087138	      0.08821156	      1.16934410	     -0.21751079	    -30.50606221	     -1.32548834	      3.39222352	     64.23980297	     20.63803241	      3.09384270	     53.60188335	     48.13726948	    -71.20548755	     25.61709536	     72.38920056
      6.28000000	     -0.35531287	   -172.94238534	      2.56890070	      0.08831768	      1.16916840	     -0.21775832	    -30.45428166	     -1.33071336	      3.31671494	     64.30332572	     20.57128014	      3.08338546	     53.67151303	     48.09225330	    -71.19425782	     25.61383438	     72.38807479
      6.29000000	     -0.46008605	   -173.13058051	      2.42487408	      0.08797857	      1.16905772	     -0.21776259	    -30.33352573	     -1.03805347	      3.43035179	     64.21049541	     20.40974352	      3.39586995	     54.47003180	     47.59621525	    -72.35418977	     25.92055455	     71.20438092
      6.30000000	     -0.39674864	   -173.07100349	      2.38197205	      0.08812881	      1.16885960	     -0.21802528	    -30.27439500	     -1.04419958	      3.35247146	     64.27627217	     20.34201563	      3.38261837	     54.53999759	     47.55187983	    -72.34099332	     25.91058126	     71.20400323
      6.31000000	     -0.63456116	   -173.08590802	      2.32998442	      0.08802030	      1.16903659	     -0.21827864	    -30.21549599	     -1.06494468	      3.16781854	     64.36974616	     20.15319215	      3.36146279	     54.73893502	     47.42943544	    -72.42944995	     25.85300739	     71.08169604
      6.32000000	     -0.56605645	   -173.02414114	      2.28415619	      0.08818023	      1.16884246	     -0.21854452	    -30.15111443	     -1.07274869	      3.09024590	     64.43763544	     20.08351171	      3.35258726	     54.80973650	     47.38428950	    -72.42103661	     25.84564047	     71.07919822
      6.33000000	     -0.70784028	   -173.10153616	      2.20457153	      0.08810609	      1.16890532	     -0.21890295	    -29.94154256	     -1.03074048	      2.99925168	     64.45503703	     19.89791762	      3.44012323	     55.05661898	     47.16289597	    -72.82293576	     25.88737657	     70.68276738
      6.34000000	     -0.64065957	   -173.03948790	      2.15882595	      0.08825018	      1.16874156	     -0.21911708	    -29.87612117	     -1.03880306	      2.91951155	     64.52897930	     19.82515024	      3.43418124	     55.13374685	     47.11783071	    -72.81437857	     25.88360642	     70.67968643
      6.35000000	     -0.71897688	   -173.07988493	      2.02920917	      0.08799578	      1.16895023	     -0.21917270	    -29.84941377	     -1.12144640	      2.77859758	     64.62537677	     19.65122065	      3.49140601	     55.28643559	     47.02548989	    -72.82293576	     25.91746836	     70.60625571
      6.36000000	     -0.65375400	   -173.01312827	      1.99383022	      0.08815921	      1.16876611	     -0.21943071	    -29.77572653	     -1.12005192	      2.69865335	     64.70513857	     19.57909474	      3.48468108	     55.36742679	     46.97564696	    -72.81669358	     25.91325611	     70.60166554
      6.37000000	     -0.82174210	   -173.25352218	      1.92040486	      0.08798288	      1.16871198	     -0.21953901	    -29.48808722	     -0.86885166	      3.10017993	     64.50851070	     19.18650359	      3.46293731	     56.45213214	     46.52091197	    -72.82293576	     26.26495132	     62.98150425
      6.38000000	     -0.75191465	   -173.18239580	      1.87354361	      0.08813579	      1.16854290	     -0.21978440	    -29.41647572	     -0.87799994	      3.01983667	     64.59017712	     19.11306443	      3.45861669	     56.53303480	     46.47859996	    -72.81233599	     26.25945981	     62.98418817
      6.39000000	     -0.78166213	   -173.18953549	      1.75008675	      0.08795797	      1.16869391	     -0.21987803	    -29.39009678	     -0.95578601	      2.89459988	     64.69714345	     18.96638429	      3.50229788	     56.66929722	     46.40916069	    -72.82293576	     26.27169820	     62.97333614
      6.40000000	     -0.85073347	   -173.22625024	      1.69952877	      0.08783802	      1.16874558	     -0.21987367	    -29.34648695	     -0.96416180	      2.77160229	     64.83416425	     18.81980719	      3.54676183	     56.84893850	     46.28324804	    -72.82293576	     26.29637975	     62.94090139
      6.41000000	     -0.77944715	   -173.15080061	      1.65535766	      0.08797726	      1.16861437	     -0.22007505	    -29.26788777	     -0.97039817	      2.69231807	     64.92049131	     18.74656965	      3.54456394	     56.93368089	     46.23566895	    -72.81883343	     26.29325795	     62.94063564
      6.42000000	     -0.81124124	   -173.18107412	      1.53493802	      0.08775881	      1.16879489	     -0.22017285	    -29.23380716	     -1.04201201	      2.58046554	     65.03922993	     18.60166419	      3.61102962	     57.08931142	     46.11591150	    -72.82293576	     26.33414824	     62.89876549
      6.43000000	     -0.74296691	   -173.10672135	      1.49480584	      0.08789575	      1.16867815	     -0.22025792	    -29.15291143	     -1.04544147	      2.50060183	     65.13183386	     18.52698661	      3.61140542	     57.18043067	     46.06349669	    -72.82293576	     26.33501114	     62.89573693
      6.44000000	     -0.77707396	   -173.36358372	      1.35081546	      0.08767104	      1.16882853	     -0.22019597	    -28.97414790	     -0.92418429	      2.71710674	     65.27393577	     18.43006545	      4.10607740	     57.48071836	     45.21604557	    -72.82293576	     26.61067468	     62.23464015
      6.45000000	     -0.70115579	   -173.28356591	      1.30390112	      0.08772905	      1.16873300	     -0.22034390	    -28.89762476	     -0.93372170	      2.63062175	     65.36690270	     18.34733253	      4.10868971	     57.56438521	     45.18032709	    -72.82293576	     26.61127191	     62.23165643
      6.46000000	     -0.68187119	   -173.29239084	      1.18669480	      0.08748578	      1.16885669	     -0.22020364	    -28.90074134	     -1.00834172	      2.49117062	     65.49805251	     18.17153126	      4.18343668	     57.67895975	     45.15867239	    -72.82293576	     26.66847684	     62.17409380
      6.47000000	     -0.60959307	   -173.21141946	      1.14517410	      0.08761169	      1.16874089	     -0.22034199	    -28.82108633	     -1.01393726	      2.40886557	     65.59427876	     18.09478114	      4.18371307	     57.76685855	     45.11644301	    -72.82293576	     26.66980352	     62.17035745
      6.48000000	     -0.65935991	   -173.30706413	      1.10232840	      0.08735346	      1.16873644	     -0.21996499	    -28.86097510	     -1.00573424	      2.30433194	     65.84329560	     17.93423984	      4.29877595	     57.98500001	     44.93018600	    -72.82293576	     26.81920626	     61.93695935
      6.49000000	     -0.58437400	   -173.22168950	      1.04638058	      0.08746400	      1.16871059	     -0.22009785	    -28.78036478	     -1.02301022	      2.22964120	     65.93189065	     17.86302071	      4.30221897	     58.06626973	     44.88650170	    -72.82293576	     26.81719707	     61.93036116
      6.50000000	     -0.53259720	   -173.19274834	      0.88586107	      0.08728979	      1.16894239	     -0.22007812	    -28.75117449	     -1.12693964	      2.15265142	     66.03508645	     17.76175926	      4.35810679	     58.17066917	     44.79767318	    -72.82293576	     26.84804626	     61.85883278
      6.51000000	     -0.46234817	   -173.11181935	      0.84264979	      0.08740349	      1.16888367	     -0.22016229	    -28.67139080	     -1.13638901	      2.07843308	     66.13170378	     17.69231408	      4.36092123	     58.25937520	     44.75199885	    -72.82293576	     26.85086829	     61.85136760
      6.52000000	     -0.36211710	   -173.10981001	      0.72183194	      0.08723737	      1.16896299	     -0.21968654	    -28.94078445	     -1.04703401	      2.78782396	     66.44450260	     17.46470147	      4.27490395	     59.24915883	     44.20716342	    -72.82293576	     27.30849925	     53.78294800
      6.53000000	     -0.29405559	   -173.02879502	      0.67403447	      0.08734232	      1.16891217	     -0.21976074	    -28.86035425	     -1.06142623	      2.71240130	     66.53528413	     17.39334826	      4.27760481	     59.33333008	     44.17272791	    -72.82293576	     27.30805256	     53.78562164
      6.54000000	     -0.25449398	   -173.01997820	      0.54661475	      0.08716815	      1.16910933	     -0.21964583	    -28.82606464	     -1.15237194	      2.61874718	     66.64544214	     17.28709382	      4.31300559	     59.45346948	     44.12398075	    -72.82293576	     27.33371623	     53.77916352
      6.55000000	     -0.19007937	   -172.94252963	      0.50447985	      0.08727273	      1.16906418	     -0.21969140	    -28.74740571	     -1.16438657	      2.54769197	     66.73924235	     17.22071815	      4.31586480	     59.54047412	     44.08791018	    -72.82293576	     27.33604369	     53.78057019
      6.56000000	     -0.15895059	   -172.97077302	      0.38173651	      0.08706071	      1.16930059	     -0.21947640	    -28.73242509	     -1.26113136	      2.46700270	     66.87830751	     17.13070729	      4.35415311	     59.69341862	     44.01190023	    -72.82293576	     27.38119192	     53.76167601
      6.57000000	     -0.09569670	   -172.89172360	      0.34427707	      0.08716692	      1.16925348	     -0.21950298	    -28.65298822	     -1.27051013	      2.40105402	     66.97159896	     17.06994429	      4.35667831	     59.77879619	     43.97631000	    -72.82293576	     27.38344369	     53.76218309
      6.58000000	     -0.04479311	   -173.08073263	      0.27009371	      0.08688227	      1.16946801	     -0.21892682	    -28.68711984	     -1.36533995	      2.45158074	     67.29337520	     17.12526349	      4.40079745	     60.11362777	     43.68637814	    -72.82293576	     27.50596505	     53.62306552
      6.59000000	      0.01981509	   -172.99845291	      0.21953758	      0.08696936	      1.16949723	     -0.21896324	    -28.61094660	     -1.38544417	      2.38934657	     67.37730299	     17.06423525	      4.40964967	     60.18791487	     43.65510000	    -72.82293576	     27.50447854	     53.61896829
      6.60000000	      0.09394645	   -172.96978311	      0.07902270	      0.08684697	      1.16974386	     -0.21882970	    -28.58417599	     -1.49011370	      2.34270489	     67.48149142	     17.00065067	      4.45809868	     60.27917472	     43.58513183	    -72.82293576	     27.51662772	     53.56259852
      6.61000000	      0.15384990	   -172.89634467	      0.04105985	      0.08691398	      1.16973637	     -0.21883743	    -28.51301756	     -1.50245831	      2.28345344	     67.56908398	     16.94481153	      4.46353632	     60.35643991	     43.55209369	    -72.82293576	     27.51873245	     53.55764577
      6.62000000	      0.29259755	   -173.01406670	      0.02848207	      0.08679873	      1.16998379	     -0.21833676	    -28.59059333	     -1.63678128	      2.79808752	     68.12118273	     16.81572860	      4.53306314	     60.65149290	     42.90984234	    -72.82293576	     27.95197379	     48.49980822
      6.63000000	      0.34732991	   -172.93986616	     -0.01378159	      0.08686619	      1.16998754	     -0.21833669	    -28.52369052	     -1.64868091	      2.73989570	     68.20111713	     16.75985259	      4.53941817	     60.72478675	     42.89004106	    -72.82293576	     27.95263719	     48.50173895
      6.64000000	      0.40453824	   -172.91813667	     -0.13877847	      0.08671808	      1.17020010	     -0.21812415	    -28.51713717	     -1.71720109	      2.67869201	     68.29953282	     16.69416989	      4.56320617	     60.83174733	     42.87681734	    -72.82293576	     27.96543027	     48.49485792
      6.65000000	      0.45538550	   -172.85028360	     -0.17456766	      0.08680419	      1.17022092	     -0.21809503	    -28.45391518	     -1.72812815	      2.62679272	     68.38033863	     16.64553017	      4.56883382	     60.90501713	     42.85625137	    -72.82293576	     27.96791163	     48.49563965
      6.66000000	      0.57595467	   -172.97414663	     -0.29743535	      0.08651549	      1.17040565	     -0.21742666	    -28.58998911	     -1.79859247	      2.68864597	     68.70105933	     16.74912772	      4.53997742	     61.22903708	     42.76757438	    -72.82293576	     28.01063062	     48.41117087
      6.67000000	      0.62420385	   -172.90482738	     -0.33844949	      0.08656915	      1.17046501	     -0.21740092	    -28.52987911	     -1.81741919	      2.64075850	     68.77112384	     16.70255226	      4.54766712	     61.29056852	     42.74810553	    -72.82293576	     28.00765675	     48.40809313
      6.68000000	      0.68715699	   -172.87629741	     -0.45792510	      0.08642110	      1.17069456	     -0.21720136	    -28.52730054	     -1.91942293	      2.60689305	     68.86818298	     16.66561393	      4.57119924	     61.37448773	     42.71769002	    -72.82293576	     28.00145126	     48.36893530
      6.69000000	      0.73335859	   -172.81697205	     -0.48493019	      0.08649178	      1.17076854	     -0.21717646	    -28.47298304	     -1.93009563	      2.56342904	     68.94070444	     16.62576784	      4.57489408	     61.43685949	     42.69777809	    -72.82293576	     28.00265192	     48.36533729
      6.70000000	      0.90845467	   -172.93600765	     -0.53156282	      0.08625611	      1.17095697	     -0.21648605	    -28.64332673	     -2.09854153	      2.67467860	     69.34674305	     16.79635055	      4.52787031	     61.70504148	     42.56095020	    -72.82293576	     28.03178182	     48.12655161
      6.71000000	      0.94533277	   -172.87416569	     -0.56489132	      0.08631519	      1.17104879	     -0.21644997	    -28.59110645	     -2.11495806	      2.63392740	     69.40723747	     16.75598780	      4.53662213	     61.75434375	     42.54799635	    -72.82293576	     28.03088820	     48.12071588
      6.72000000	      0.99388025	   -172.83942061	     -0.65982733	      0.08617775	      1.17128763	     -0.21632958	    -28.58726412	     -2.19820016	      2.59094026	     69.48436240	     16.70965983	      4.55620599	     61.80299918	     42.53201727	    -72.82293576	     28.03217779	     48.07490503
      6.73000000	      1.02849011	   -172.78787239	     -0.68241587	      0.08623366	      1.17133631	     -0.21622928	    -28.54247265	     -2.21078312	      2.55729310	     69.54710497	     16.67800706	      4.56297194	     61.85282045	     42.52057995	    -72.82293576	     28.03611891	     48.06818136
      6.74000000	      1.19503825	   -172.71862735	     -0.62941144	      0.08623719	      1.17156660	     -0.21563595	    -28.90775066	     -2.46243718	      2.91495068	     70.17547290	     16.73439595	      4.33457467	     62.13455289	     42.31291936	    -72.82293576	     28.32881592	     43.05862944
      6.75000000	      1.22497210	   -172.67291388	     -0.65609953	      0.08625265	      1.17165104	     -0.21556332	    -28.86714379	     -2.47288267	      2.88147802	     70.22564962	     16.70193600	      4.34047639	     62.18075927	     42.30672258	    -72.82293576	     28.33289512	     43.06008569
      6.76000000	      1.26840267	   -172.66071366	     -0.72800059	      0.08606986	      1.17180938	     -0.21532184	    -28.86766833	     -2.52420629	      2.84556293	     70.29023223	     16.66701971	      4.34965018	     62.24825683	     42.31367113	    -72.82293576	     28.35560938	     43.05904674
      6.77000000	      1.29435004	   -172.62392260	     -0.74760839	      0.08617131	      1.17194465	     -0.21530717	    -28.83525462	     -2.53510595	      2.82149829	     70.33815021	     16.64404569	      4.35667880	     62.29039289	     42.31113760	    -72.82293576	     28.36268788	     43.05987346
      6.78000000	      1.46796576	   -172.69723395	     -0.78682012	      0.08591087	      1.17195054	     -0.21468160	    -29.00602804	     -2.64811258	      2.89056724	     70.60348965	     16.77487912	      4.27102852	     62.51518943	     42.34041491	    -72.82293576	     28.47524074	     43.02476777
      6.79000000	      1.49252491	   -172.65981697	     -0.81140287	      0.08594483	      1.17204242	     -0.21455701	    -28.97850279	     -2.66259030	      2.86371824	     70.63958897	     16.74965138	      4.27279243	     62.54595173	     42.33084924	    -72.82293576	     28.47201767	     43.02277909
      6.80000000	      1.52882427	   -172.63967569	     -0.88183115	      0.08582141	      1.17226248	     -0.21439826	    -28.99915693	     -2.73876882	      2.83992520	     70.69145450	     16.72797372	      4.27910831	     62.58253727	     42.33041513	    -72.82293576	     28.47347840	     43.00745659
      6.81000000	      1.55009579	   -172.60858990	     -0.89249057	      0.08580931	      1.17231856	     -0.21432893	    -28.97782427	     -2.74898710	      2.82335236	     70.73203694	     16.71353616	      4.28253306	     62.61376054	     42.32831455	    -72.82293576	     28.47832677	     43.00528741
      6.82000000	      1.64062137	   -172.62619374	     -0.93635479	      0.08565213	      1.17244321	     -0.21395690	    -29.07960949	     -2.85559011	      2.82204317	     70.85660643	     16.72977804	      4.27476565	     62.68552742	     42.34717718	    -72.82293576	     28.53128238	     42.97279791
      6.83000000	      1.66070419	   -172.59547484	     -0.93634625	      0.08562558	      1.17250142	     -0.21389230	    -29.06141013	     -2.85843449	      2.81155994	     70.89538904	     16.72375257	      4.27216367	     62.71220203	     42.34316724	    -72.82293576	     28.53562478	     42.96944913
      6.84000000	      1.82588098	   -172.60218661	     -0.93804580	      0.08551991	      1.17256053	     -0.21335413	    -29.27624704	     -3.00758976	      2.86060480	     71.13296044	     16.82786176	      4.20678451	     62.80637187	     42.36195016	    -72.82293576	     28.63920660	     42.89182346
      6.85000000	      1.83456975	   -172.57547433	     -0.94083261	      0.08552065	      1.17260780	     -0.21330583	    -29.25890694	     -3.00975733	      2.85151812	     71.15791482	     16.82114630	      4.20594549	     62.82242916	     42.35798204	    -72.82293576	     28.63858445	     42.88894838
      6.86000000	      1.84427096	   -172.55581063	     -0.94675779	      0.08553365	      1.17266445	     -0.21325145	    -29.24954170	     -3.01637614	      2.84336013	     71.18019585	     16.81486502	      4.20624035	     62.83607224	     42.35600175	    -72.82293576	     28.64062026	     42.88572861
      6.87000000	      2.01206326	   -172.41374837	     -0.88983501	      0.08554317	      1.17277037	     -0.21273926	    -29.65726060	     -3.23875689	      2.90982835	     71.58854176	     16.99832449	      4.01967549	     62.84032237	     42.34928608	    -72.82293576	     28.76285706	     42.65552442
      6.88000000	      2.01325705	   -172.40024396	     -0.89925897	      0.08555835	      1.17282692	     -0.21268842	    -29.64997945	     -3.24620251	      2.90096735	     71.60024293	     16.98904889	      4.02272488	     62.84555101	     42.34858692	    -72.82293576	     28.76105599	     42.65102023
      6.89000000	      2.01400196	   -172.39739345	     -0.90115076	      0.08561208	      1.17286836	     -0.21262916	    -29.64814138	     -3.24784741	      2.89932610	     71.60311854	     16.98718917	      4.02397190	     62.84731648	     42.34898555	    -72.82293576	     28.76140132	     42.65046619
      6.90000000	      2.03276132	   -172.39462460	     -0.94196359	      0.08543031	      1.17299159	     -0.21248250	    -29.67941452	     -3.29268805	      2.87272620	     71.62728982	     16.95811157	      4.03500340	     62.84394133	     42.35926713	    -72.82293576	     28.77831716	     42.62871006
      6.91000000	      2.03427017	   -172.39304828	     -0.94167120	      0.08546556	      1.17302229	     -0.21243302	    -29.68019473	     -3.29356381	      2.87205269	     71.63023245	     16.95752697	      4.03548195	     62.84433662	     42.36041191	    -72.82293576	     28.78030927	     42.62732478
      6.92000000	      2.03450868	   -172.39283986	     -0.94164627	      0.08548694	      1.17304868	     -0.21238150	    -29.68046385	     -3.29385462	      2.87206752	     71.63060764	     16.95749577	      4.03574548	     62.84428419	     42.36081404	    -72.82293576	     28.78080318	     42.62708313
      6.93000000	      2.03503669	   -172.39335549	     -0.94152012	      0.08548878	      1.17306920	     -0.21233684	    -29.68148118	     -3.29399025	      2.87203272	     71.63038909	     16.95749552	      4.03560419	     62.84377574	     42.36099757	    -72.82293576	     28.78131023	     42.62682388
      6.94000000	      2.13797851	   -172.42501491	     -0.95329933	      0.08535746	      1.17303737	     -0.21192480	    -29.80229818	     -3.35076224	      2.85057388	     71.68757608	     16.93464127	      4.05538849	     62.82276442	     42.42576609	    -72.82293576	     28.91259128	     42.58728322
      6.95000000	      2.13960255	   -172.43157722	     -0.94218327	      0.08540714	      1.17300275	     -0.21187556	    -29.81572583	     -3.34415319	      2.85682276	     71.68091613	     16.94355539	      4.04635916	     62.81081398	     42.42354421	    -72.82293576	     28.91659856	     42.58339901
      6.96000000	      2.14225886	   -172.43863895	     -0.93360594	      0.08544882	      1.17300720	     -0.21182950	    -29.83013624	     -3.34014134	      2.86246747	     71.67470760	     16.95102545	      4.03988076	     62.79899075	     42.42377988	    -72.82293576	     28.92325193	     42.57965348
      6.97000000	      2.14513923	   -172.44942215	     -0.92610780	      0.08549611	      1.17298742	     -0.21176607	    -29.84776305	     -3.33685786	      2.86816407	     71.66514969	     16.95814167	      4.03360233	     62.78490631	     42.42470336	    -72.82293576	     28.93064133	     42.57619712
      6.98000000	      2.14799297	   -172.46336718	     -0.91828559	      0.08554031	      1.17297375	     -0.21170788	    -29.86833004	     -3.33326523	      2.87455859	     71.65243002	     16.96567204	      4.02725226	     62.76822792	     42.42649436	    -72.82293576	     28.93903465	     42.57288188
      6.99000000	      2.27563291	   -172.42472441	     -0.86189677	      0.08566616	      1.17270249	     -0.21145757	    -29.97620277	     -3.31882937	      2.87926901	     71.68783175	     16.97518650	      4.01732421	     62.67061174	     42.49557900	    -72.82293576	     29.15578783	     42.52219753
      7.00000000	      2.26805240	   -172.44437926	     -0.85855807	      0.08572415	      1.17268456	     -0.21140385	    -29.99939547	     -3.31747966	      2.88671129	     71.66593953	     16.98386836	      4.00816007	     62.64875516	     42.49053160	    -72.82293576	     29.15473006	     42.51891238
      7.01000000	      2.26026023	   -172.46529920	     -0.85259748	      0.08577544	      1.17267232	     -0.21135851	    -30.02358078	     -3.31382341	      2.89538065	     71.64191882	     16.99357137	      3.99889421	     62.62468358	     42.48678629	    -72.82293576	     29.15492926	     42.51579028
      7.02000000	      2.25218131	   -172.48845789	     -0.84384002	      0.08583935	      1.17264562	     -0.21130784	    -30.04943475	     -3.30741471	      2.90531869	     71.61458064	     17.00446164	      3.98880212	     62.59773045	     42.48376817	    -72.82293576	     29.15573461	     42.51288137
      7.03000000	      2.24345145	   -172.51360906	     -0.83223563	      0.08591277	      1.17260853	     -0.21125978	    -30.07667844	     -3.29810905	      2.91667092	     71.58380206	     17.01665524	      3.97792069	     62.56774570	     42.48147671	    -72.82293576	     29.15698985	     42.51018565
      7.04000000	      2.23250981	   -172.53856368	     -0.81561368	      0.08603378	      1.17255759	     -0.21122933	    -30.10443803	     -3.28329213	      2.93021674	     71.54779802	     17.03053045	      3.96635523	     62.53101540	     42.48070324	    -72.82293576	     29.16103421	     42.50716375
      7.05000000	      2.21353434	   -172.48709755	     -0.74757910	      0.08633621	      1.17233905	     -0.21135485	    -30.08638221	     -3.18241104	      2.93121143	     71.46953701	     17.02173088	      3.95065040	     62.40587737	     42.48890342	    -72.82293576	     29.22944043	     42.49404329
      7.06000000	      2.20038191	   -172.52483021	     -0.74153277	      0.08640272	      1.17227678	     -0.21128231	    -30.12287847	     -3.17723301	      2.94375107	     71.42708348	     17.03331814	      3.94143429	     62.36854947	     42.48756109	    -72.82293576	     29.22940377	     42.49200181
      7.07000000	      2.18461590	   -172.56154742	     -0.72879440	      0.08650607	      1.17224145	     -0.21124824	    -30.15729949	     -3.16420680	      2.95852941	     71.37953571	     17.04666634	      3.93129118	     62.32570631	     42.48719580	    -72.82293576	     29.23030460	     42.49034941
      7.08000000	      2.06514704	   -172.47204510	     -0.73153508	      0.08682403	      1.17202521	     -0.21163249	    -29.99814635	     -2.95391553	      2.86332885	     71.08862813	     16.84974814	      4.03307430	     62.00933209	     42.50473965	    -72.82293576	     29.39891433	     42.51327170
      7.09000000	      2.04984691	   -172.51976652	     -0.70987790	      0.08691918	      1.17194700	     -0.21155922	    -30.03762943	     -2.93809982	      2.88507758	     71.04204573	     16.87229817	      4.01872290	     61.97132159	     42.50017322	    -72.82293576	     29.39507683	     42.51347842
      7.10000000	      2.02129640	   -172.55383500	     -0.63968595	      0.08718594	      1.17177177	     -0.21160117	    -30.03399126	     -2.86391846	      2.92245834	     70.97884500	     16.90562940	      4.00421365	     61.92086951	     42.48646414	    -72.82293576	     29.39152327	     42.52588628
      7.11000000	      2.00336504	   -172.60466184	     -0.62026365	      0.08726972	      1.17168189	     -0.21153554	    -30.07554469	     -2.84611845	      2.94487373	     70.92127943	     16.92786435	      3.98877472	     61.87485684	     42.48207330	    -72.82293576	     29.38437128	     42.52682000
      7.12000000	      1.95551378	   -172.61283200	     -0.54374488	      0.08760706	      1.17144666	     -0.21171691	    -30.01698358	     -2.71946471	      2.98178747	     70.79929774	     16.94805400	      3.97858268	     61.78710261	     42.46638322	    -72.82293576	     29.35672112	     42.55663632
      7.13000000	      1.92982535	   -172.67096568	     -0.52777981	      0.08772075	      1.17137531	     -0.21165842	    -30.06337697	     -2.70395924	      3.00809224	     70.73101087	     16.97163854	      3.96697467	     61.73367725	     42.46707388	    -72.82293576	     29.34886098	     42.55894028
      7.14000000	      1.82087573	   -173.02874541	     -0.67181042	      0.08776590	      1.17092822	     -0.21221469	    -29.30391156	     -2.17592881	      3.07441645	     69.88591526	     16.65628198	      4.42497999	     61.72106420	     42.37719822	    -72.82293576	     29.41414610	     43.44434403
      7.15000000	      1.79440792	   -173.08637532	     -0.63840587	      0.08789470	      1.17085068	     -0.21213871	    -29.36031482	     -2.15349454	      3.10427168	     69.82264986	     16.68870530	      4.40261226	     61.66646763	     42.37599613	    -72.82293576	     29.40040661	     43.44812985
      7.16000000	      1.74150059	   -173.08927998	     -0.53012312	      0.08826189	      1.17061341	     -0.21226159	    -29.36616481	     -2.04893893	      3.15022970	     69.74028788	     16.74055287	      4.35590927	     61.58777821	     42.37229249	    -72.82293576	     29.33889986	     43.48350052
      7.17000000	      1.70851263	   -173.14954898	     -0.50221571	      0.08838006	      1.17054113	     -0.21220577	    -29.42236867	     -2.02718274	      3.18443786	     69.66392753	     16.77488045	      4.33598201	     61.52419130	     42.37553968	    -72.82293576	     29.32118185	     43.48918633
      7.18000000	      1.47646602	   -173.43583302	     -0.62699723	      0.08842635	      1.17029918	     -0.21284289	    -28.77454726	     -1.59980264	      3.22139864	     68.71566619	     16.46233097	      4.37762097	     61.76644640	     42.67736513	    -72.82293576	     28.89446420	     46.33975150
      7.19000000	      1.46603718	   -173.45306027	     -0.53621205	      0.08874506	      1.17012007	     -0.21285663	    -28.82415368	     -1.54562911	      3.27973007	     68.64566404	     16.52365922	      4.35100882	     61.66140367	     42.69533842	    -72.82293576	     28.86299117	     46.35987984
      7.20000000	      1.43983236	   -173.51701276	     -0.49759088	      0.08885602	      1.17002692	     -0.21279069	    -28.88995891	     -1.51966072	      3.31878611	     68.56612067	     16.56562515	      4.32526331	     61.58659615	     42.69708855	    -72.82293576	     28.84488704	     46.36349719
      7.21000000	      1.41234629	   -173.48551446	     -0.37277358	      0.08928810	      1.16974509	     -0.21299464	    -28.88090981	     -1.39637810	      3.38835396	     68.45654464	     16.64330673	      4.26861295	     61.45113250	     42.70400682	    -72.82293576	     28.75231582	     46.40533881
      7.22000000	      1.23671855	   -173.46024050	     -0.34793361	      0.08948375	      1.16940930	     -0.21333506	    -28.77390398	     -1.15827179	      3.27916643	     68.16690329	     16.41252216	      4.31112892	     61.14196207	     42.99580545	    -72.82293576	     28.40961783	     47.09187691
      7.23000000	      1.22890929	   -173.48650972	     -0.27803844	      0.08983161	      1.16932322	     -0.21344649	    -28.77971668	     -1.08755239	      3.38492482	     68.05935729	     16.53842034	      4.23871097	     61.06974074	     42.96396246	    -72.82293576	     28.37209414	     47.16242038
      7.24000000	      1.19295451	   -173.56387208	     -0.24422865	      0.08992034	      1.16930583	     -0.21334068	    -28.84926342	     -1.06625364	      3.43518869	     67.96918079	     16.59111904	      4.21378199	     60.99749781	     42.96729086	    -72.82293576	     28.35684499	     47.17136005
      7.25000000	      1.11112887	   -173.65674339	     -0.24403579	      0.09013755	      1.16922658	     -0.21375075	    -28.56766493	     -0.96142865	      3.59381353	     67.69138910	     16.26814742	      4.12409889	     60.35267782	     43.22294897	    -72.82293576	     27.73348645	     54.79147488
      7.26000000	      1.07415076	   -173.73588943	     -0.20035538	      0.09021835	      1.16919807	     -0.21362577	    -28.64051860	     -0.93399392	      3.64607601	     67.59864829	     16.32235611	      4.10042518	     60.27564600	     43.22489876	    -72.82293576	     27.71835938	     54.78974628
      7.27000000	      1.05102138	   -173.72704472	     -0.07202826	      0.09062367	      1.16897392	     -0.21381607	    -28.62187330	     -0.80614893	      3.74943971	     67.46015270	     16.43314571	      4.04580258	     60.17002281	     43.20534771	    -72.82293576	     27.62110967	     54.80733419
      7.28000000	      1.01716335	   -173.91697163	     -0.20965443	      0.09057426	      1.16870818	     -0.21415024	    -28.30871544	     -0.44947634	      3.88457045	     66.73665244	     16.33868590	      4.11955481	     60.45167183	     43.50938838	    -72.82293576	     27.22739633	     55.75970532
      7.29000000	      0.97086468	   -173.94565926	     -0.09931732	      0.09079646	      1.16861111	     -0.21418600	    -28.35189328	     -0.38728445	      3.95772435	     66.63594768	     16.42492651	      4.06785519	     60.35626155	     43.50364178	    -72.82293576	     27.16884380	     55.78516012
      7.30000000	      0.93061712	   -173.95670954	     -0.00973008	      0.09105954	      1.16853438	     -0.21434054	    -28.38678790	     -0.33087878	      4.04144762	     66.50879783	     16.51817158	      4.01727481	     60.24672431	     43.51144143	    -72.80334626	     27.07596688	     55.82388922
      7.31000000	      0.84033180	   -173.88479614	      0.07787654	      0.09103235	      1.16845703	     -0.21452217	    -28.46762059	     -0.31620734	      3.98699643	     66.09991778	     16.40905331	      3.90226395	     60.11229917	     43.99075455	    -72.00775656	     26.36247328	     56.69643676
      7.32000000	      0.83568692	   -173.90855392	      0.15319096	      0.09128958	      1.16834924	     -0.21457954	    -28.48039553	     -0.23573695	      4.09520595	     65.98755100	     16.54424624	      3.82497040	     59.98807903	     43.98732225	    -71.97998929	     26.33755635	     56.75094596
      7.33000000	      0.77488162	   -174.00309122	      0.22517731	      0.09149632	      1.16861303	     -0.21481586	    -28.27704419	     -0.45089935	      4.04013859	     66.22809654	     16.30951779	      3.87987079	     58.31686583	     43.94483212	    -70.33524666	     26.17405856	     60.05376757
      7.34000000	      0.75667432	   -174.03302255	      0.32961070	      0.09172207	      1.16846100	     -0.21485268	    -28.33484684	     -0.35270547	      4.13910917	     66.12318520	     16.41044236	      3.85530117	     58.23284812	     43.95720933	    -70.33430296	     26.09187217	     60.07324859
      7.35000000	      0.78214059	   -173.98073390	      0.28311983	      0.09153100	      1.16828617	     -0.21483718	    -28.56518103	     -0.14628448	      4.27977668	     65.85154780	     16.43896602	      3.96670807	     58.25943372	     44.21430981	    -69.80297763	     25.45773673	     60.51634758
      7.36000000	      0.75884095	   -174.01217042	      0.38045615	      0.09179644	      1.16818707	     -0.21490128	    -28.59564677	     -0.06611259	      4.37406999	     65.73926378	     16.55255363	      3.90606088	     58.15122938	     44.22892109	    -69.77653157	     25.42023390	     60.54829582
      7.37000000	      0.73625714	   -174.01513711	      0.38980195	      0.09172026	      1.16827314	     -0.21504421	    -28.58001516	     -0.11652128	      4.34239441	     65.39698247	     16.53393439	      3.70398479	     57.80579823	     44.71773542	    -68.50825202	     24.89927840	     61.50828216
      7.38000000	      0.71539280	   -174.04877954	      0.49628737	      0.09198237	      1.16816948	     -0.21510307	    -28.61252646	     -0.04068109	      4.43841310	     65.30296499	     16.64512982	      3.65942530	     57.68303598	     44.72445814	    -68.49656058	     24.85844089	     61.53740543
      7.39000000	      0.75650945	   -174.08117328	      0.54018712	      0.09188546	      1.16821174	     -0.21509160	    -28.69120748	     -0.13552284	      4.45593073	     65.26097140	     16.65998960	      3.60727301	     57.09187021	     45.07040452	    -67.16157390	     24.26429949	     62.62554187
      7.40000000	      0.72888836	   -174.10049877	      0.64162844	      0.09205976	      1.16814816	     -0.21513544	    -28.71547844	     -0.05048170	      4.54903956	     65.16346880	     16.77075205	      3.55613609	     56.95714729	     45.06840617	    -67.14859357	     24.24784948	     62.65843397
      7.41000000	      0.72610363	   -174.06241503	      0.66140377	      0.09212168	      1.16825551	     -0.21522620	    -28.78000127	     -0.13431559	      4.51794536	     65.12493329	     16.73300978	      3.51307625	     56.10694525	     45.32781758	    -65.58515369	     23.95606371	     63.98613752
      7.42000000	      0.70478761	   -174.09466730	      0.77688507	      0.09226417	      1.16818676	     -0.21525585	    -28.80454312	     -0.05858128	      4.61589366	     65.04593428	     16.84159271	      3.48392594	     55.98065254	     45.32653730	    -65.58739686	     23.90496006	     64.01170421
      7.43000000	      0.73538643	   -174.07879889	      0.85411639	      0.09238676	      1.16820726	     -0.21533214	    -28.85215971	     -0.16504784	      4.58161719	     65.38440390	     16.71834681	      3.72351479	     54.47424450	     45.34433426	    -63.88958288	     23.65708271	     65.97343983
      7.44000000	      0.70992384	   -174.12695271	      0.96034359	      0.09246834	      1.16818510	     -0.21537149	    -28.89264314	     -0.09016532	      4.68649033	     65.31220672	     16.83809845	      3.69050623	     54.39671403	     45.34351047	    -63.88055373	     23.60858574	     65.99333311
      7.45000000	      0.65900637	   -174.20089981	      1.00437682	      0.09231932	      1.16832825	     -0.21517998	    -28.96422435	     -0.07292725	      4.75434894	     65.23116605	     16.90577363	      3.68083905	     54.32370111	     45.37021828	    -63.89078550	     23.59675325	     65.99402209
      7.46000000	      0.84958503	   -174.28080057	      1.03451060	      0.09226257	      1.16829675	     -0.21499508	    -29.15275605	     -0.10477331	      4.98671466	     65.20297987	     17.23210345	      3.56040589	     54.35240717	     45.61436026	    -63.01695053	     23.07459844	     66.54377417
      7.47000000	      0.82620183	   -174.28179566	      1.14456011	      0.09239918	      1.16824144	     -0.21506117	    -29.17306467	     -0.02449503	      5.06998677	     65.10439175	     17.33311773	      3.51057476	     54.22572747	     45.65952101	    -62.97875335	     23.03437562	     66.58521768
      7.48000000	      0.77157781	   -174.34892627	      1.18701671	      0.09226485	      1.16839882	     -0.21497161	    -29.23996384	     -0.01144850	      5.13667837	     65.02753304	     17.39814643	      3.50470783	     54.15303033	     45.69475281	    -62.98488491	     23.02721357	     66.58803258
      7.49000000	      0.82092087	   -174.36893481	      1.33769589	      0.09256686	      1.16855875	     -0.21505867	    -29.15985939	     -0.34343139	      4.93549679	     65.46343051	     17.37815775	      3.48021035	     52.29568629	     45.96065603	    -60.40260842	     22.80028022	     69.21534088
      7.50000000	      0.76728318	   -174.42913735	      1.38513502	      0.09237531	      1.16873852	     -0.21500750	    -29.22296531	     -0.32708451	      5.00566173	     65.39612894	     17.44415636	      3.48262148	     52.23276051	     45.99793242	    -60.41314446	     22.79276218	     69.21532109
      7.51000000	      0.96870729	   -174.38201864	      1.45714984	      0.09229583	      1.16853059	     -0.21473449	    -29.58632578	     -0.27887495	      5.21958137	     65.40224829	     17.70802921	      3.48233405	     52.33265488	     46.19788793	    -59.89071788	     22.42399106	     69.60154367
      7.52000000	      0.91313585	   -174.43984753	      1.50296391	      0.09213860	      1.16870453	     -0.21465925	    -29.64364512	     -0.26384539	      5.28717217	     65.33574115	     17.77343585	      3.48038911	     52.26776588	     46.23523150	    -59.89902120	     22.41985290	     69.60279101
      7.53000000	      1.07740847	   -174.42632554	      1.57857487	      0.09215001	      1.16872066	     -0.21440873	    -29.84736958	     -0.37640031	      5.36763103	     65.35463905	     18.06730171	      3.18868954	     52.15330952	     46.61497536	    -59.03073241	     22.23475775	     70.24748100
      7.54000000	      1.01860890	   -174.47921639	      1.62487563	      0.09201240	      1.16889143	     -0.21439178	    -29.89942510	     -0.36474871	      5.43507945	     65.29348522	     18.13040522	      3.19253385	     52.08982835	     46.65386813	    -59.03975327	     22.22994153	     70.24887498
      7.55000000	      1.03064200	   -174.49534754	      1.77254754	      0.09219296	      1.16871823	     -0.21444142	    -29.92090974	     -0.27393937	      5.53545467	     65.24560150	     18.25424727	      3.15334178	     52.01334825	     46.70585976	    -58.99525993	     22.20484942	     70.28524349
      7.56000000	      0.98209391	   -174.54494767	      1.81339528	      0.09193879	      1.16895597	     -0.21437796	    -29.97214236	     -0.26776077	      5.60415741	     65.19199407	     18.32002590	      3.15773025	     51.95772437	     46.74987393	    -58.99498524	     22.20362599	     70.29054730
      7.57000000	      1.19965768	   -174.52300167	      1.95414625	      0.09194924	      1.16903788	     -0.21410640	    -30.21338407	     -0.62735983	      5.40010211	     66.02733185	     18.51397017	      3.48737256	     49.94851477	     46.80384111	    -56.50675339	     22.02528037	     73.74237587
      7.58000000	      1.14463246	   -174.57187840	      1.99644950	      0.09177682	      1.16923216	     -0.21408635	    -30.26259547	     -0.61789065	      5.46607870	     65.97772269	     18.57549488	      3.49475528	     49.90051208	     46.84780949	    -56.51455383	     22.02869341	     73.74244124
      7.59000000	      1.33608398	   -174.63092141	      2.05942656	      0.09171792	      1.16906476	     -0.21374907	    -30.43051378	     -0.61032307	      5.62742208	     65.98623315	     18.83948887	      3.37816463	     49.98237353	     47.03080355	    -56.30172514	     22.09073608	     73.89876031
      7.60000000	      1.27763955	   -174.67245681	      2.10188163	      0.09149765	      1.16927447	     -0.21374877	    -30.47363322	     -0.60353395	      5.69237427	     65.94299880	     18.90020837	      3.38713207	     49.93845188	     47.07586807	    -56.30574617	     22.09242264	     73.90078946
      7.61000000	      1.29884658	   -174.70852063	      2.24759770	      0.09150660	      1.16911015	     -0.21367896	    -30.52358306	     -0.52071585	      5.78718241	     65.93514694	     19.03261499	      3.33689887	     49.92960414	     47.15400353	    -56.23241746	     22.10384074	     73.94637439
      7.62000000	      1.24495885	   -174.75041207	      2.27980675	      0.09132971	      1.16928718	     -0.21370609	    -30.56847193	     -0.52372128	      5.85395971	     65.89505059	     19.09479922	      3.34864644	     49.88942847	     47.20423468	    -56.23194306	     22.11023618	     73.95038180
      7.63000000	      1.43775807	   -174.80322764	      2.44777549	      0.09124994	      1.16950689	     -0.21335932	    -30.75182928	     -1.01559710	      5.57775037	     66.31048341	     19.53425444	      3.18372159	     49.05159028	     47.60360426	    -54.77052563	     22.00646901	     76.66577910
      7.64000000	      1.38147750	   -174.83850323	      2.48406578	      0.09107920	      1.16966226	     -0.21338926	    -30.79030828	     -1.00855341	      5.64121041	     66.27448892	     19.59144256	      3.19837053	     49.01307252	     47.65048481	    -54.77720685	     22.01399097	     76.66576509
      7.65000000	      1.40331725	   -174.87645784	      2.60071300	      0.09106263	      1.16946544	     -0.21330663	    -30.84443022	     -0.90829916	      5.72966665	     66.27442524	     19.70484694	      3.17300116	     49.00960699	     47.73276665	    -54.73645217	     22.06551427	     76.69194398
      7.66000000	      1.35099595	   -174.90935879	      2.62846437	      0.09088243	      1.16961134	     -0.21336730	    -30.88093800	     -0.91005217	      5.79375626	     66.24396820	     19.76257049	      3.19048980	     48.97681580	     47.78375748	    -54.73861407	     22.07820488	     76.69388259
      7.67000000	      1.52804484	   -174.83668996	      2.65765061	      0.09075325	      1.16962662	     -0.21296132	    -31.23494619	     -1.09519813	      5.77937002	     66.32622261	     20.10971438	      2.85373523	     49.04726071	     48.26395507	    -54.12279540	     22.04702815	     77.41659980
      7.68000000	      1.47263190	   -174.86363441	      2.69014086	      0.09056882	      1.16976877	     -0.21305246	    -31.25956896	     -1.09422586	      5.83932232	     66.30103736	     20.16210415	      2.87394360	     49.01532618	     48.30942169	    -54.12829371	     22.05813584	     77.41729260
      7.69000000	      1.48843820	   -174.92299171	      2.79862626	      0.09054054	      1.16955208	     -0.21299205	    -31.28222506	     -1.01646758	      5.91780650	     66.31268898	     20.26413367	      2.85743258	     49.00695925	     48.38091388	    -54.08965200	     22.13541044	     77.44987960
      7.70000000	      1.43858038	   -174.95055553	      2.82262672	      0.09036134	      1.16969401	     -0.21307403	    -31.30780126	     -1.02141574	      5.97484741	     66.28934912	     20.31424921	      2.87685551	     48.97796300	     48.42681154	    -54.09249849	     22.14981624	     77.45186255
      7.71000000	      1.60497649	   -175.11860718	      2.79611241	      0.09009947	      1.16958511	     -0.21261492	    -31.38232004	     -1.03774797	      6.08533696	     66.34885551	     20.52072920	      2.79197485	     49.01270380	     48.60395061	    -53.90651749	     22.43140707	     77.60886015
      7.72000000	      1.55377973	   -175.13492508	      2.82512021	      0.08993328	      1.16969937	     -0.21274067	    -31.39830895	     -1.03919097	      6.13833308	     66.33064517	     20.56757401	      2.81046178	     48.98672889	     48.64569868	    -53.90855466	     22.43976187	     77.61150944
      7.73000000	      1.55121459	   -175.16983049	      2.92390500	      0.08994439	      1.16950092	     -0.21275417	    -31.40901807	     -0.98268016	      6.19981363	     66.34064808	     20.65956882	      2.77889598	     48.97384228	     48.71261495	    -53.85616442	     22.49240123	     77.65705404
      7.74000000	      1.50603354	   -175.18804392	      2.94296613	      0.08977715	      1.16961404	     -0.21286560	    -31.42631760	     -0.99045294	      6.24787283	     66.32507440	     20.70168742	      2.79739436	     48.95133428	     48.75483071	    -53.85663651	     22.50579202	     77.66051019
      7.75000000	      1.58312926	   -175.27727520	      2.96741628	      0.08969320	      1.16967158	     -0.21260574	    -31.45410097	     -1.18652661	      5.79657696	     66.78853623	     21.07575698	      3.01844539	     47.83042791	     48.85456860	    -52.98457823	     22.78750656	     81.09866148
      7.76000000	      1.54097267	   -175.28705387	      2.98908124	      0.08953411	      1.16974591	     -0.21274498	    -31.46343677	     -1.19051404	      5.83981619	     66.77897740	     21.11217004	      3.03924065	     47.81510897	     48.89251297	    -52.98939594	     22.79907239	     81.09822729
      7.77000000	      1.50385461	   -175.30062383	      3.01343045	      0.08941553	      1.16977736	     -0.21286955	    -31.47468497	     -1.19065614	      5.88149688	     66.77024641	     21.14869642	      3.05662619	     47.80093503	     48.93062311	    -52.99270570	     22.81420374	     81.09844069
      7.78000000	      1.54381147	   -175.37463578	      3.10261731	      0.08934414	      1.16948551	     -0.21269093	    -31.50031079	     -1.12948758	      5.92347833	     66.80159656	     21.21978079	      3.03382689	     47.82982558	     49.02446182	    -52.97105581	     22.94653185	     81.11867803
      7.79000000	      1.50959443	   -175.38427719	      3.11053412	      0.08921735	      1.16954727	     -0.21283027	    -31.50867555	     -1.14027197	      5.95925500	     66.79437140	     21.25002508	      3.05194902	     47.81801788	     49.05911885	    -52.97460701	     22.96226735	     81.11912687
      7.80000000	      1.58887773	   -175.50712091	      3.06768624	      0.08892126	      1.16950969	     -0.21249576	    -31.54953326	     -1.16711271	      5.99132409	     66.83075127	     21.33391697	      3.00639777	     47.86280978	     49.20216928	    -52.94591600	     23.21958767	     81.16069311
      7.81000000	      1.55959811	   -175.50945392	      3.08030172	      0.08882588	      1.16953757	     -0.21263203	    -31.55077634	     -1.17118978	      6.02207006	     66.82597560	     21.36141008	      3.01919806	     47.85293136	     49.22890906	    -52.94846964	     23.22953837	     81.16168188
      7.82000000	      1.53465895	   -175.51414020	      3.09271644	      0.08874415	      1.16951940	     -0.21274901	    -31.55224712	     -1.17376245	      6.05059196	     66.82324597	     21.38833462	      3.02935457	     47.84525435	     49.25609188	    -52.94982542	     23.24461932	     81.16350502
      7.83000000	      1.59400608	   -175.59598880	      3.10722971	      0.08865896	      1.16935711	     -0.21253936	    -31.54536323	     -1.14838057	      6.07637567	     66.85538720	     21.48285437	      2.94266725	     47.87363484	     49.35352142	    -52.92363798	     23.46494830	     81.21082488
      7.84000000	      1.56946854	   -175.59725528	      3.10608677	      0.08858097	      1.16935396	     -0.21267281	    -31.54521546	     -1.16141566	      6.09785270	     66.85280795	     21.50123341	      2.95507017	     47.86727881	     49.37541779	    -52.92694066	     23.47625977	     81.21233324
      7.85000000	      1.56417262	   -175.63838875	      3.03592693	      0.08836452	      1.16953888	     -0.21263400	    -31.54105596	     -1.22845333	      6.10132158	     66.85412255	     21.53173740	      2.93085751	     47.87212164	     49.42573410	    -52.93350842	     23.59472787	     81.24083389
      7.86000000	      1.54933130	   -175.63665449	      3.04697343	      0.08831195	      1.16947797	     -0.21272667	    -31.53588347	     -1.22836432	      6.11838061	     66.85786238	     21.54847479	      2.93822044	     47.87141940	     49.44345836	    -52.93381538	     23.60719104	     81.24302202
      7.87000000	      1.53820154	   -175.63709579	      3.05371533	      0.08825661	      1.16942466	     -0.21279401	    -31.53186690	     -1.22987439	      6.13157266	     66.86209896	     21.56193812	      2.94404055	     47.87242199	     49.45912532	    -52.93378509	     23.62253893	     81.24541384
      7.88000000	      1.52967190	   -175.63919989	      3.05619902	      0.08820152	      1.16935401	     -0.21285073	    -31.52769946	     -1.23368798	      6.14224134	     66.86807114	     21.57355594	      2.94924421	     47.87610722	     49.47454427	    -52.93325003	     23.64361740	     81.24843531
      7.89000000	      1.57981790	   -175.76181405	      2.99635605	      0.08786391	      1.16937449	     -0.21253647	    -31.53317634	     -1.27557759	      6.13296668	     66.89566075	     21.62011758	      2.88824067	     47.93178335	     49.53841760	    -52.92246831	     23.94455513	     81.29932376
      7.90000000	      1.57353261	   -175.75329529	      2.99888963	      0.08793465	      1.16933493	     -0.21263328	    -31.52155127	     -1.27770146	      6.14153979	     66.89947715	     21.62949511	      2.89190150	     47.93386075	     49.54476657	    -52.92331251	     23.95275953	     81.30195622
      7.91000000	      1.57219151	   -175.75065813	      2.99815305	      0.08792503	      1.16926648	     -0.21260151	    -31.51838459	     -1.27911111	      6.14287468	     66.90106508	     21.63083781	      2.89318310	     47.93519879	     49.54592862	    -52.92329153	     23.95501305	     81.30247131
      7.92000000	      1.56810527	   -175.74194145	      2.99162500	      0.08786356	      1.16920500	     -0.21267948	    -31.50581543	     -1.28705679	      6.14759827	     66.90715888	     21.63587389	      2.89828028	     47.94192513	     49.55001905	    -52.92317749	     23.96881411	     81.30520954
      7.93000000	      1.56842830	   -175.74062115	      2.98919039	      0.08787726	      1.16912307	     -0.21267975	    -31.50376750	     -1.28883428	      6.14703733	     66.90825830	     21.63554115	      2.89850078	     47.94358598	     49.54943169	    -52.92299360	     23.97106192	     81.30568273
      7.94000000	      1.56673099	   -175.76579226	      2.87994978	      0.08771982	      1.16935797	     -0.21268436	    -31.47165062	     -1.37260069	      6.15642345	     66.87164506	     21.66068695	      2.88138873	     47.96930693	     49.51598200	    -52.92554066	     24.11389542	     81.33461426
      7.95000000	      1.57361411	   -175.75727017	      2.88326408	      0.08767192	      1.16926291	     -0.21266505	    -31.45670672	     -1.36811213	      6.15453754	     66.87858633	     21.66215973	      2.87868203	     47.98033032	     49.51040008	    -52.92241869	     24.12679968	     81.33840284
      7.96000000	      1.60039609	   -175.82125763	      2.85272361	      0.08780418	      1.16927186	     -0.21266721	    -31.32750152	     -1.38611010	      6.21730524	     66.75348018	     21.78471054	      2.78964095	     48.06379215	     49.36460899	    -52.90080417	     24.47296252	     81.43821693
      7.97000000	      1.60202801	   -175.81953179	      2.85035826	      0.08782027	      1.16915879	     -0.21265463	    -31.32541413	     -1.38741315	      6.21482598	     66.75477425	     21.78234742	      2.78972484	     48.06575839	     49.36279369	    -52.90078526	     24.47311883	     81.43866593
      7.98000000	      1.60959529	   -175.81092528	      2.83843557	      0.08775852	      1.16913592	     -0.21261826	    -31.31456005	     -1.39452006	      6.20471763	     66.75870843	     21.77211098	      2.79176589	     48.07496267	     49.35419263	    -52.90083510	     24.47535566	     81.44146821
      7.99000000	      1.59759296	   -175.80973970	      2.77714650	      0.08773879	      1.16927580	     -0.21264679	    -31.28641510	     -1.44974245	      6.20546957	     66.70970017	     21.76315125	      2.81363596	     48.08618352	     49.31725551	    -52.91021290	     24.49897117	     81.46614215
      8.00000000	      1.59989458	   -175.80850442	      2.77606258	      0.08770779	      1.16915125	     -0.21260943	    -31.28459200	     -1.44945182	      6.20329951	     66.70992547	     21.76155563	      2.81234014	     48.08781189	     49.31437905	    -52.90966712	     24.49907188	     81.46675403
