trapscap1
parameters 10
# exponents ... coefficient
	  1   0   0   0   3   0    -1.50667e-02 
	  0   2   1   0   0   0    -4.44779e+00 
	  0   1   0   1   0   0    -8.50347e-02 
	  0   0   0   0   0   0    1.45312e-01 
	  0   0   0   0   0   1    1.12189e-02 
	  0   0   0   0   1   0    1.00176e-01 
	  0   1   0   0   3   0    2.43355e-01 
	  0   3   1   0   0   0    -9.37826e+00 
	  0   4   0   0   0   0    -1.67578e+00 
	  1   1   0   0   1   0    -2.39932e-01 
trapscap2
parameters 9
# exponents ... coefficient
	  1   0   0   0   3   0    2.52511e-01 
	  0   2   1   0   0   0    -2.56585e+00 
	  0   1   0   1   0   0    -1.46184e-01 
	  0   1   0   0   0   1    -7.37261e-02 
	  0   0   0   0   0   0    6.93836e-02 
	  0   0   0   0   1   0    2.47673e-01 
	  0   1   0   0   3   0    8.03788e-01 
	  1   3   0   0   0   0    -8.99910e-01 
	  0   3   1   0   0   0    -3.31773e+00 
trapscap3
parameters 9
# exponents ... coefficient
	  1   0   0   0   3   0    1.33757e-01 
	  0   2   1   0   0   0    -1.17498e+00 
	  0   1   0   1   0   0    -1.88735e-01 
	  0   1   0   0   0   1    -1.47400e-01 
	  0   0   0   0   0   0    8.72658e-02 
	  0   0   0   0   1   0    1.91678e-01 
	  0   1   0   0   3   0    3.38569e-01 
	  1   3   0   0   0   0    -2.27913e+00 
	  0   1   0   0   0   0    1.13153e-01 
trapscap4
parameters 7
# exponents ... coefficient
	  1   0   0   0   3   0    3.00165e-01 
	  0   2   1   0   0   0    -1.18385e+00 
	  0   2   0   1   0   0    6.91336e-01 
	  0   1   0   0   0   1    -1.87784e-01 
	  0   0   0   0   1   0    3.39818e-01 
	  0   1   0   0   3   0    9.94274e-01 
	  1   3   0   0   0   0    -1.91679e+00 
trapscap5
parameters 8
# exponents ... coefficient
	  1   0   0   0   3   0    1.94202e-01 
	  0   2   1   0   0   0    -9.49404e-01 
	  0   1   0   0   0   1    -1.94622e-01 
	  0   2   0   1   1   0    1.26085e+00 
	  0   0   0   0   1   0    3.14794e-01 
	  0   1   0   0   3   0    7.81550e-01 
	  1   3   0   0   0   0    -1.94489e+00 
	  0   1   0   0   0   0    8.23123e-02 
trapscap6
parameters 8
# exponents ... coefficient
	  0   0   0   0   1   0    4.72295e-01 
	  0   1   0   0   1   0    5.81686e-01 
	  0   0   1   0   0   1    9.40868e-01 
	  2   1   0   1   0   0    -2.14355e-01 
	  1   1   0   0   0   1    1.93307e+00 
	  0   0   1   1   2   0    7.22544e-01 
	  0   2   0   0   0   1    -4.99428e-01 
	  0   0   0   0   2   0    -1.36421e-01 
trapscap7
parameters 11
# exponents ... coefficient
	  0   0   0   0   1   0    2.86668e-01 
	  0   1   0   0   1   0    4.93880e-01 
	  1   1   0   0   0   0    2.88584e-01 
	  0   0   0   2   1   0    1.64848e-01 
	  0   0   1   0   1   2    -1.21998e+00 
	  0   0   1   0   0   0    9.29136e-02 
	  0   0   2   0   0   0    -1.72834e-01 
	  3   0   0   1   0   0    -5.44248e-01 
	  2   0   0   0   2   0    3.48338e-01 
	  0   1   0   1   0   0    1.28217e-01 
	  1   1   0   1   1   0    -1.76245e+00 
trapscap8
parameters 11
# exponents ... coefficient
	  1   3   0   0   0   0    3.36320e+00 
	  0   0   1   0   3   0    1.05539e+00 
	  0   0   0   1   0   0    -7.77712e-02 
	  0   0   0   0   1   0    3.86419e-01 
	  0   1   0   0   3   0    1.72168e+00 
	  1   0   0   1   0   0    4.13193e-01 
	  0   0   1   1   1   1    1.92069e+00 
	  1   0   1   0   0   0    -6.74617e-01 
	  2   2   0   0   0   0    4.20356e+00 
	  0   1   2   0   0   0    -3.52235e-01 
	  3   0   0   0   0   1    7.55284e-01 
trapscap9
parameters 10
# exponents ... coefficient
	  1   2   0   0   0   0    -3.40837e+00 
	  0   0   1   0   2   0    1.17865e+00 
	  0   0   0   1   0   0    -1.14574e-01 
	  0   0   0   0   0   1    -7.38715e-02 
	  0   0   0   0   0   0    1.51282e-01 
	  1   0   0   1   0   0    2.79974e-01 
	  0   0   2   0   2   0    -2.69272e+00 
	  1   2   1   0   0   0    7.27394e+00 
	  0   1   0   0   0   0    8.42877e-02 
	  2   0   0   0   0   1    7.38492e-01 
trapscap10
parameters 11
# exponents ... coefficient
	  0   0   1   0   2   0    6.12315e-01 
	  1   2   0   0   1   0    -1.42331e+00 
	  0   0   0   1   0   0    -8.03548e-02 
	  0   0   0   0   0   1    -7.70599e-02 
	  0   0   0   0   0   0    1.82639e-01 
	  0   0   0   0   3   0    2.07109e-01 
	  1   1   0   1   0   0    -2.74323e+00 
	  0   0   1   1   1   0    -1.31549e+00 
	  1   0   0   0   2   1    7.19005e-01 
	  0   1   0   0   1   0    3.21954e-01 
	  1   0   0   0   1   0    -2.51590e-01 
trapscap11
parameters 10
# exponents ... coefficient
	  0   0   1   0   1   0    3.70866e-01 
	  1   2   0   0   0   0    -5.53348e+00 
	  0   0   0   1   2   0    -5.55654e-01 
	  0   0   0   0   0   0    1.94141e-01 
	  0   0   0   0   0   1    -8.04926e-02 
	  0   0   0   0   4   0    1.49323e-01 
	  1   0   0   1   0   0    3.67615e-01 
	  1   3   0   0   0   0    -1.05386e+01 
	  0   3   0   0   1   0    1.10264e+00 
	  0   0   1   0   2   1    7.00575e-01 
trapclav1
parameters 5
# exponents ... coefficient
	  0   1   1    5.99982e-01 
	  0   0   0    1.98515e-01 
	  1   2   1    -2.44967e-01 
	  0   1   0    8.01421e-02 
	  1   3   0    -2.09783e+00 
trapclav2
parameters 5
# exponents ... coefficient
	  0   2   1    -3.98245e+00 
	  0   0   0    1.77071e-01 
	  1   3   0    -8.64884e-01 
	  0   3   1    -7.29286e+00 
	  0   3   0    5.34682e-01 
levscap1
parameters 9
# exponents ... coefficient
	  1   1   0   0   2   0    -1.05326e+00 
	  0   0   0   1   0   0    1.30511e-01 
	  0   1   0   0   2   1    -3.38010e+00 
	  0   0   0   0   0   0    1.35798e-01 
	  0   0   1   0   0   0    -1.46382e-01 
	  0   0   1   0   0   1    -7.46156e-01 
	  0   0   0   0   1   0    1.14776e-01 
	  1   1   0   0   0   0    -4.15114e-01 
	  1   0   0   1   0   0    -2.28559e-01 
levscap2
parameters 10
# exponents ... coefficient
	  1   0   0   0   2   0    8.16923e-03 
	  0   0   0   1   0   0    9.60182e-02 
	  0   0   1   0   2   1    1.58353e+00 
	  0   2   0   0   0   2    7.97989e+00 
	  0   0   0   0   0   0    8.74213e-02 
	  0   0   1   0   0   0    -1.69652e-01 
	  0   1   2   0   1   0    -1.23342e+00 
	  0   0   0   0   1   0    1.41731e-01 
	  1   0   0   0   0   0    1.99794e-01 
	  0   0   0   0   0   1    8.92379e-02 
pectmin1
parameters 9
# exponents ... coefficient
	  0   0   1   0   0   0    1.82370e-01 
	  1   0   0   0   0   0    -4.13623e-02 
	  0   0   0   0   0   0    9.08147e-02 
	  0   1   0   0   1   0    -1.56425e-01 
	  1   0   0   0   0   1    -4.45835e-02 
	  0   0   0   2   2   0    3.79316e-01 
	  0   1   1   0   1   0    4.65687e-01 
	  0   0   0   0   3   1    -1.04183e-01 
	  0   2   0   1   0   1    -4.82624e-01 
pectmin2
parameters 7
# exponents ... coefficient
	  0   0   1   0   0   0    2.41339e-01 
	  1   0   0   0   0   0    -4.90448e-02 
	  0   0   0   0   0   0    1.06607e-01 
	  0   1   0   0   2   1    4.72327e-01 
	  1   1   0   1   0   0    -2.14966e-01 
	  0   1   0   0   1   0    -1.86152e-01 
	  0   1   1   0   1   0    6.86023e-01 
pectmin3
parameters 9
# exponents ... coefficient
	  0   1   1   0   0   0    -5.55328e-01 
	  1   3   0   0   0   0    -3.79406e+00 
	  0   0   0   0   1   1    -9.38355e-02 
	  1   0   0   1   0   0    1.16010e-01 
	  0   0   0   0   0   0    8.14196e-02 
	  0   1   0   0   1   0    -2.05387e-01 
	  0   2   1   0   1   0    -2.49493e+00 
	  1   2   0   0   0   0    -1.73924e+00 
	  0   0   1   0   0   0    1.17497e-01 
pectmin4
parameters 9
# exponents ... coefficient
	  0   0   1   0   0   0    2.36438e-01 
	  1   0   0   0   0   0    -4.74915e-02 
	  0   1   0   0   0   0    -8.40980e-02 
	  0   0   0   0   0   1    -2.81325e-02 
	  1   0   0   1   0   0    1.20424e-01 
	  0   0   0   0   0   0    7.75554e-02 
	  0   1   2   0   1   0    1.44813e-01 
	  0   0   0   0   1   0    3.80343e-02 
	  0   1   1   0   2   0    6.00068e-01 
rhomboid1
parameters 9
# exponents ... coefficient
	  1   0   0   0   2   0    4.37772e-02 
	  0   1   0   1   0   0    -3.19294e-01 
	  0   2   0   0   0   1    5.19643e+00 
	  0   0   0   0   0   0    8.04654e-02 
	  0   1   1   0   0   0    3.34171e-01 
	  0   3   0   0   0   1    1.15634e+01 
	  0   1   0   0   0   0    1.36690e-01 
	  0   0   0   0   1   0    1.70039e-01 
	  1   1   0   0   0   0    -5.99739e-01 
rhomboid2
parameters 12
# exponents ... coefficient
	  1   0   0   0   2   0    -9.88859e-02 
	  0   1   0   0   2   1    3.51153e+00 
	  0   1   0   1   0   0    -8.90013e-01 
	  0   0   0   0   0   0    9.62655e-02 
	  0   1   1   0   0   0    3.33414e-01 
	  0   2   1   0   0   1    -6.96723e+00 
	  0   0   0   0   1   0    1.69416e-01 
	  0   0   1   1   0   0    -1.30361e+00 
	  1   0   0   0   0   0    2.28993e-01 
	  1   0   1   1   0   0    2.18256e+00 
	  0   1   0   0   1   1    -4.01463e+00 
	  0   1   0   0   1   0    4.09474e-02 
rhomboid3
parameters 10
# exponents ... coefficient
	  1   0   0   0   1   0    4.09188e-01 
	  0   1   0   0   0   1    -1.17645e+00 
	  0   1   0   1   0   0    -9.64682e-01 
	  0   0   0   0   0   0    7.75691e-02 
	  0   1   1   0   0   0    -1.41048e-02 
	  0   0   0   0   1   0    1.59754e-01 
	  0   2   1   0   0   1    -7.31943e+00 
	  0   1   1   0   2   0    1.54279e+00 
	  0   0   1   1   0   0    -1.45473e+00 
	  1   0   1   1   0   0    2.55802e+00 
rhomboid4
parameters 8
# exponents ... coefficient
	  1   0   0   0   1   0    4.18036e-01 
	  0   2   0   0   0   1    -4.55693e+00 
	  0   1   0   1   0   0    -3.26486e-01 
	  0   0   0   0   0   0    1.17891e-01 
	  0   1   0   0   0   0    1.18633e-01 
	  0   1   0   0   0   1    -2.18571e+00 
	  0   0   0   0   1   0    1.17692e-01 
	  0   1   1   0   2   0    7.75076e-01 
rhomboid5
parameters 8
# exponents ... coefficient
	  1   0   0   0   1   0    4.45291e-01 
	  0   2   0   0   0   1    -8.64241e-01 
	  0   1   0   1   0   0    -3.69271e-01 
	  0   0   0   0   0   0    -3.21100e-02 
	  0   1   0   0   0   0    -1.49870e-02 
	  0   0   0   0   0   1    3.42418e-01 
	  0   0   0   0   1   0    3.96821e-01 
	  0   1   0   0   3   0    1.48328e+00 
serrant1
parameters 8
# exponents ... coefficient
	  0   1   0   0   2   0    -5.19955e-01 
	  0   1   0   1   0   0    1.64657e+00 
	  1   0   0   0   0   0    -3.70382e-01 
	  0   0   0   0   0   1    -1.70058e-01 
	  0   0   1   0   0   0    1.66321e-01 
	  0   0   0   0   0   0    1.43077e-01 
	  1   2   0   0   0   1    3.30050e+00 
	  0   1   1   1   0   0    -2.84971e+00 
serrant2
parameters 8
# exponents ... coefficient
	  0   1   0   0   2   0    -5.56730e-01 
	  0   1   0   1   0   0    1.39279e+00 
	  1   0   0   0   0   0    -3.67561e-01 
	  0   0   0   0   0   1    -1.53573e-01 
	  0   0   0   0   0   0    1.67156e-01 
	  0   0   2   0   0   0    3.19324e-01 
	  0   1   0   0   1   2    2.31262e+00 
	  0   2   1   1   0   0    4.84450e+00 
serrant3
parameters 7
# exponents ... coefficient
	  0   1   0   0   1   0    -5.04369e-01 
	  0   0   0   1   0   0    -3.06800e-01 
	  1   1   0   0   0   0    7.78090e-01 
	  0   0   0   0   0   1    -1.13729e-01 
	  0   1   1   0   0   0    -3.12843e-01 
	  0   0   0   0   0   0    1.30100e-01 
	  1   0   0   0   0   0    -1.06287e-01 
serrant4
parameters 7
# exponents ... coefficient
	  0   1   0   0   1   0    -5.54042e-01 
	  0   0   0   1   0   0    -2.82603e-01 
	  1   1   0   0   1   0    1.18793e+00 
	  0   0   0   0   2   1    -3.74074e-01 
	  0   0   0   0   0   0    1.30657e-01 
	  1   1   1   0   1   0    -1.88669e+00 
	  1   0   0   0   0   0    -1.61549e-01 
serrant5
parameters 6
# exponents ... coefficient
	  0   1   0   0   1   0    -5.01943e-01 
	  0   0   0   1   0   0    -2.45569e-01 
	  1   1   0   0   1   0    4.84765e-01 
	  0   1   0   0   2   1    1.01656e+00 
	  0   0   0   0   0   0    1.25747e-01 
	  1   0   0   0   0   0    -1.45576e-01 
serrant6
parameters 8
# exponents ... coefficient
	  0   1   0   0   1   0    -4.19840e-01 
	  0   1   0   1   0   0    6.18370e-01 
	  1   0   1   0   0   0    -9.22672e-01 
	  0   0   2   0   0   1    -1.33843e-01 
	  0   0   0   0   0   0    1.22004e-01 
	  1   0   2   0   1   0    2.98871e+00 
	  0   3   0   0   0   1    1.01540e+00 
	  0   1   1   0   2   0    3.23123e-01 
serrant7
parameters 10
# exponents ... coefficient
	  0   1   0   0   1   0    -3.72600e-01 
	  1   0   1   0   0   0    -1.94791e-01 
	  0   1   0   1   2   0    7.84172e-01 
	  0   0   0   0   0   0    1.01738e-01 
	  0   0   0   1   1   1    -5.99718e-01 
	  0   0   1   0   0   0    -7.98745e-02 
	  0   0   2   0   2   0    5.32733e-01 
	  0   0   1   1   2   0    -1.06849e+00 
	  1   0   2   0   0   1    -1.63627e+00 
	  0   0   0   0   3   1    1.01508e-01 
serrant8
parameters 8
# exponents ... coefficient
	  0   1   0   0   1   0    -2.08507e-01 
	  0   1   0   1   2   0    8.34075e-01 
	  0   1   1   0   0   0    1.08300e-01 
	  0   0   3   0   0   1    -1.59985e+00 
	  0   0   0   0   0   0    7.93236e-02 
	  1   1   1   0   0   0    1.74589e-01 
	  0   0   0   0   4   0    1.56021e-01 
	  0   3   0   0   0   0    -4.08847e-01 
serrant9
parameters 6
# exponents ... coefficient
	  0   1   0   0   1   0    4.58644e-02 
	  0   2   0   1   1   0    -8.69282e-01 
	  0   0   1   0   1   1    -3.61247e-01 
	  0   0   0   0   1   0    1.65420e-01 
	  0   2   0   0   0   0    3.81073e-01 
	  1   2   0   0   1   0    -2.42670e-01 
serrant10
parameters 6
# exponents ... coefficient
	  0   1   0   0   1   0    -2.89617e-01 
	  0   0   1   0   1   1    -4.20842e-01 
	  0   0   1   1   0   0    -1.19435e-01 
	  0   0   0   0   1   0    7.53483e-02 
	  0   3   1   0   0   0    -6.01327e-01 
	  1   1   0   0   2   0    1.01759e-01 
serrant11
parameters 8
# exponents ... coefficient
	  0   1   0   0   1   0    -3.74749e-01 
	  0   0   1   0   0   1    -2.97824e-01 
	  0   0   1   1   1   0    -2.12769e-01 
	  1   1   0   0   0   0    7.52248e-02 
	  0   0   1   0   1   0    -3.34870e-01 
	  0   0   0   0   0   0    1.48085e-02 
	  0   0   0   0   2   0    9.77417e-02 
	  0   0   1   0   0   0    2.05074e-01 
serrant12
parameters 7
# exponents ... coefficient
	  0   1   0   0   1   0    -3.49841e-01 
	  0   0   1   0   0   1    -1.80073e-01 
	  1   0   0   0   0   0    -3.29014e-02 
	  0   0   1   1   2   0    -2.51998e-01 
	  0   0   1   0   1   0    1.21098e-01 
	  0   0   0   0   0   0    3.50759e-02 
	  0   0   0   0   0   1    -4.05701e-02 
deltscap1
parameters 6
# exponents ... coefficient
	  0   0   0    1.70432e-01 
	  1   1   0    -8.61003e-02 
	  0   1   1    1.14708e-01 
	  1   0   0    5.68873e-02 
	  0   0   1    6.96011e-02 
	  0   2   1    -8.04392e-02 
deltscap2
parameters 6
# exponents ... coefficient
	  0   0   0    1.46584e-01 
	  0   1   1    1.33067e-01 
	  1   1   0    -7.89383e-02 
	  1   0   0    6.31314e-02 
	  0   0   1    3.99246e-02 
	  1   2   0    -5.80586e-02 
deltscap3
parameters 7
# exponents ... coefficient
	  0   0   0    1.35060e-01 
	  0   1   1    1.05825e-01 
	  1   0   0    6.48032e-02 
	  2   1   0    3.08312e-02 
	  2   0   0    -4.20639e-02 
	  1   1   0    -3.23446e-02 
	  1   2   0    -5.05794e-02 
deltscap4
parameters 7
# exponents ... coefficient
	  0   0   0    1.10567e-01 
	  0   1   1    7.97046e-02 
	  1   0   0    6.28457e-02 
	  2   1   0    4.02985e-02 
	  0   1   0    5.55132e-03 
	  2   0   0    -2.59603e-02 
	  1   2   0    -2.74803e-02 
deltscap5
parameters 11
# exponents ... coefficient
	  0   0   0    1.06644e-01 
	  0   1   1    4.81989e-02 
	  1   0   0    4.18924e-02 
	  1   2   0    -2.11203e-02 
	  0   0   2    -7.00018e-02 
	  0   1   0    8.94521e-03 
	  2   0   0    -4.24338e-02 
	  0   2   2    9.39939e-02 
	  1   1   0    1.56502e-02 
	  0   3   0    -7.79959e-03 
	  0   0   1    -1.37760e-02 
deltscap6
parameters 8
# exponents ... coefficient
	  0   0   0    1.42869e-01 
	  1   0   0    6.07722e-02 
	  0   1   1    7.66583e-02 
	  2   0   0    -5.02835e-02 
	  0   1   0    7.00906e-03 
	  0   0   2    -6.85077e-02 
	  1   2   0    -3.72294e-02 
	  0   3   1    -5.67630e-02 
deltscap7
parameters 9
# exponents ... coefficient
	  0   0   0    1.58546e-01 
	  1   0   0    5.58029e-02 
	  0   1   1    7.35057e-02 
	  1   2   0    -3.39301e-02 
	  0   0   2    -7.14080e-02 
	  2   0   0    -4.21703e-02 
	  0   1   0    5.03245e-03 
	  0   3   1    -5.30375e-02 
	  1   1   1    5.08885e-02 
deltscap8
parameters 9
# exponents ... coefficient
	  0   0   0    1.39775e-01 
	  1   0   0    4.25533e-02 
	  0   0   2    -9.48138e-02 
	  0   1   1    6.39963e-02 
	  2   0   0    -4.85628e-02 
	  1   1   1    1.04328e-01 
	  0   3   1    -7.42202e-02 
	  1   2   0    -3.19283e-02 
	  2   2   0    -7.84650e-02 
deltscap9
parameters 12
# exponents ... coefficient
	  0   0   0    1.49129e-01 
	  0   1   1    4.16240e-02 
	  2   0   0    -4.95207e-02 
	  1   0   0    3.09384e-02 
	  0   0   2    -8.27004e-02 
	  1   1   1    4.90014e-02 
	  0   2   2    1.17780e-01 
	  2   2   0    -4.49932e-02 
	  1   2   0    -1.32070e-02 
	  0   0   1    -1.73668e-02 
	  0   1   0    4.68722e-03 
	  1   1   0    1.42118e-02 
deltscap10
parameters 8
# exponents ... coefficient
	  0   0   0    1.38137e-01 
	  2   0   0    -5.33784e-02 
	  0   0   2    -7.49871e-02 
	  1   1   0    2.65688e-02 
	  0   1   0    7.96551e-03 
	  1   0   0    1.57708e-02 
	  0   0   1    -2.45055e-02 
	  0   3   0    -8.71042e-03 
deltscap11
parameters 7
# exponents ... coefficient
	  0   0   0    1.28219e-01 
	  0   0   2    -8.24445e-02 
	  2   0   0    -6.47185e-02 
	  1   1   0    1.53659e-02 
	  0   0   1    -2.06842e-02 
	  0   2   2    8.08928e-02 
	  1   0   0    -6.60192e-03 
deltclav1
parameters 11
# exponents ... coefficient
	  0   3   1   0   0   0    3.68649e-01 
	  1   0   0   0   0   0    -3.27959e-02 
	  0   0   0   0   0   0    1.46770e-01 
	  0   2   0   1   0   0    -2.90532e-01 
	  0   0   0   2   0   0    -8.72123e-02 
	  0   0   0   0   1   0    -8.35145e-03 
	  0   0   0   1   1   0    -2.69358e-02 
	  0   0   2   0   0   0    1.14643e-01 
	  0   3   0   1   0   0    2.96327e-01 
	  0   1   0   0   0   2    -1.21763e-01 
	  1   0   1   0   0   0    -1.62706e-01 
deltclav2
parameters 10
# exponents ... coefficient
	  0   3   1   0   0   0    7.25924e-01 
	  1   0   0   0   0   0    -4.25676e-02 
	  0   0   0   0   0   0    1.80854e-01 
	  0   2   0   1   0   0    -3.58030e-01 
	  0   0   0   2   0   0    -7.78972e-02 
	  0   0   0   0   1   1    -8.25543e-02 
	  0   0   0   1   1   1    -2.44091e-01 
	  0   0   2   0   0   0    3.20865e-01 
	  0   3   0   1   0   0    3.19515e-01 
	  2   0   0   2   0   0    1.22559e+00 
deltclav3
parameters 9
# exponents ... coefficient
	  0   3   1   0   0   0    6.48465e-01 
	  1   0   0   0   0   0    -4.06933e-02 
	  0   0   0   0   0   0    1.57145e-01 
	  0   1   0   1   0   0    -9.14009e-02 
	  0   0   0   2   0   0    -7.51161e-02 
	  0   0   0   0   1   1    -8.00369e-02 
	  0   0   0   1   1   1    -2.05300e-01 
	  0   0   2   0   0   0    2.96095e-01 
	  2   0   0   0   0   0    1.47627e-01 
deltclav4
parameters 9
# exponents ... coefficient
	  0   3   1   0   0   0    5.16697e-01 
	  1   0   0   0   0   0    -5.66251e-02 
	  0   0   0   0   0   0    1.71189e-01 
	  0   1   0   1   0   0    -9.96778e-02 
	  0   0   0   0   1   1    -8.62015e-02 
	  0   0   0   1   1   1    -2.13686e-01 
	  0   0   0   2   0   0    -6.60676e-02 
	  1   0   1   0   0   0    -3.27843e-01 
	  0   3   0   0   0   1    -7.63161e-02 
coracobr1
parameters 7
# exponents ... coefficient
	  0   0   0    1.66822e-01 
	  1   0   0    -5.22255e-02 
	  0   1   1    -5.71162e-02 
	  2   0   0    -3.85132e-02 
	  1   1   1    -1.09353e-01 
	  1   2   0    3.24109e-02 
	  2   2   0    6.72042e-02 
coracobr2
parameters 9
# exponents ... coefficient
	  0   0   0    1.79660e-01 
	  1   0   0    -5.48431e-02 
	  0   1   1    -5.56591e-02 
	  1   1   1    -1.46944e-01 
	  0   0   2    7.72721e-02 
	  2   0   0    -2.97807e-02 
	  0   0   4    -2.25349e-01 
	  1   2   0    3.59972e-02 
	  2   2   0    9.19390e-02 
coracobr3
parameters 7
# exponents ... coefficient
	  0   0   0    1.95919e-01 
	  1   0   0    -6.16859e-02 
	  0   1   1    -6.68652e-02 
	  1   1   1    -1.27120e-01 
	  2   0   0    -4.21631e-02 
	  1   2   0    3.75804e-02 
	  2   2   0    7.48740e-02 
infra1
parameters 7
# exponents ... coefficient
	  0   1   0    1.09005e-02 
	  0   1   1    1.44263e-01 
	  0   2   0    -1.29363e-02 
	  1   1   1    4.43088e-02 
	  0   0   0    8.72441e-02 
	  0   1   3    -5.13077e-01 
	  2   1   1    -3.07305e-01 
infra2
parameters 5
# exponents ... coefficient
	  0   1   0    1.27629e-02 
	  0   0   0    1.71225e-01 
	  0   1   1    2.95235e-02 
	  1   1   0    2.78773e-02 
	  0   2   1    -5.92528e-02 
infra3
parameters 6
# exponents ... coefficient
	  0   1   0    1.25254e-02 
	  0   1   1    6.22245e-02 
	  0   0   0    1.46125e-01 
	  1   1   0    2.57398e-02 
	  0   2   1    -5.97800e-02 
	  0   1   3    -3.12090e-01 
infra4
parameters 6
# exponents ... coefficient
	  0   1   0    1.27747e-02 
	  1   1   0    2.89580e-02 
	  0   0   0    1.36051e-01 
	  0   2   1    -5.00754e-02 
	  0   1   1    5.82683e-02 
	  0   1   3    -3.18961e-01 
infra5
parameters 7
# exponents ... coefficient
	  0   1   0    1.11046e-02 
	  1   1   0    2.44213e-02 
	  0   2   1    -3.93068e-02 
	  0   0   0    1.21905e-01 
	  0   1   1    5.81119e-02 
	  0   1   3    -3.39925e-01 
	  0   2   0    -6.99626e-03 
infra6
parameters 6
# exponents ... coefficient
	  0   1   0    1.12116e-02 
	  0   1   1    1.29804e-01 
	  0   2   0    -1.15167e-02 
	  0   0   0    1.05014e-01 
	  0   1   3    -5.74782e-01 
	  2   1   1    -2.84750e-01 
termin1
parameters 4
# exponents ... coefficient
	  0   1   0    1.57953e-02 
	  0   3   1    1.30837e-01 
	  0   1   1    4.68697e-02 
	  0   0   0    9.70558e-02 
termin2
parameters 4
# exponents ... coefficient
	  0   1   0    1.68704e-02 
	  0   3   1    1.31461e-01 
	  0   0   0    1.11655e-01 
	  0   1   1    4.76330e-02 
termin3
parameters 3
# exponents ... coefficient
	  0   1   0    1.70460e-02 
	  0   3   1    1.40512e-01 
	  0   1   1    4.90606e-02 
termaj1
parameters 10
# exponents ... coefficient
	  1   1   0    -7.75294e-02 
	  0   0   0    9.85379e-02 
	  0   0   1    7.10985e-02 
	  2   0   0    8.72537e-02 
	  1   0   0    3.50941e-02 
	  1   1   1    -1.43386e-01 
	  0   1   0    -9.86716e-03 
	  0   3   1    1.04844e-01 
	  1   2   0    -5.39366e-02 
	  0   0   2    1.17789e-01 
termaj2
parameters 8
# exponents ... coefficient
	  1   1   0    -9.19744e-02 
	  0   0   0    1.16635e-01 
	  0   0   1    8.48367e-02 
	  2   0   0    1.02374e-01 
	  1   0   0    3.87837e-02 
	  0   2   2    -3.43482e-01 
	  0   0   2    1.60064e-01 
	  0   1   0    -7.56653e-03 
termaj3
parameters 7
# exponents ... coefficient
	  1   1   0    -8.18959e-02 
	  0   0   0    1.09909e-01 
	  0   0   1    7.70931e-02 
	  1   0   0    4.82157e-02 
	  2   0   0    7.50045e-02 
	  0   2   2    -3.15910e-01 
	  0   0   2    1.25870e-01 
termaj4
parameters 9
# exponents ... coefficient
	  1   1   0    -7.14802e-02 
	  0   0   0    9.35190e-02 
	  0   1   0    -1.16340e-02 
	  0   0   1    7.71140e-02 
	  0   2   2    -1.76055e-01 
	  1   0   0    3.26095e-02 
	  2   0   0    6.47368e-02 
	  1   2   0    -5.20774e-02 
	  2   1   1    2.37126e-01 
supra1
parameters 4
# exponents ... coefficient
	  0   3   0    2.62169e-02 
	  0   1   1    4.93914e-02 
	  0   0   0    8.51448e-02 
	  0   1   0    6.67453e-03 
supra2
parameters 5
# exponents ... coefficient
	  0   1   0    1.13871e-02 
	  0   3   1    3.71814e-02 
	  0   2   0    -1.33367e-02 
	  0   1   1    3.77641e-02 
	  0   0   0    8.98780e-02 
supra3
parameters 8
# exponents ... coefficient
	  0   0   0    1.15488e-01 
	  0   2   0    -1.46452e-02 
	  0   1   0    -8.28896e-03 
	  1   0   0    -1.94900e-02 
	  1   1   1    5.11313e-02 
	  0   2   1    -4.79400e-02 
	  0   0   2    -6.56551e-02 
	  0   1   1    -1.91017e-02 
supra4
parameters 8
# exponents ... coefficient
	  0   0   0    9.30971e-02 
	  0   1   0    -9.03724e-03 
	  0   2   0    -1.33861e-02 
	  1   1   1    4.03321e-02 
	  0   2   1    -4.61617e-02 
	  0   1   1    -2.25137e-02 
	  1   0   0    -1.76936e-02 
	  0   0   2    -6.74590e-02 
subscap1
parameters 4
# exponents ... coefficient
	  0   1   0    -1.66496e-02 
	  0   1   1    -1.17036e-01 
	  0   1   3    4.33815e-01 
	  0   0   0    7.70911e-02 
subscap2
parameters 7
# exponents ... coefficient
	  0   1   0    -1.18366e-02 
	  0   1   1    -1.02816e-01 
	  0   2   1    6.88159e-02 
	  0   0   0    1.02959e-01 
	  1   1   1    1.47914e-01 
	  0   1   3    5.11109e-01 
	  2   1   1    3.07617e-01 
subscap3
parameters 3
# exponents ... coefficient
	  0   1   0    -1.57436e-02 
	  0   1   1    -7.16983e-02 
	  0   0   0    1.16007e-01 
subscap4
parameters 4
# exponents ... coefficient
	  0   1   0    -1.83289e-02 
	  0   1   1    -1.12084e-01 
	  0   3   1    1.72131e-01 
	  0   0   0    1.17062e-01 
subscap5
parameters 4
# exponents ... coefficient
	  0   1   0    -1.66115e-02 
	  0   1   1    -1.14119e-01 
	  0   3   1    2.06584e-01 
	  0   0   0    1.16951e-01 
subscap6
parameters 4
# exponents ... coefficient
	  0   1   0    -1.71183e-02 
	  0   1   1    -1.14092e-01 
	  0   0   0    1.41015e-01 
	  0   3   1    1.67973e-01 
subscap7
parameters 5
# exponents ... coefficient
	  0   1   0    -1.58756e-02 
	  0   1   1    -1.31345e-01 
	  0   0   0    1.36194e-01 
	  0   3   1    1.13466e-01 
	  2   1   1    3.10632e-01 
subscap8
parameters 6
# exponents ... coefficient
	  0   1   0    -1.52247e-02 
	  0   1   1    -1.79457e-01 
	  0   0   0    9.46091e-02 
	  0   3   1    1.13302e-01 
	  2   1   1    3.77282e-01 
	  0   1   3    4.27848e-01 
subscap9
parameters 6
# exponents ... coefficient
	  0   1   0    -1.59070e-02 
	  0   1   1    -1.06920e-01 
	  0   0   0    1.13059e-01 
	  1   1   0    -1.81653e-02 
	  0   3   1    9.32852e-02 
	  2   1   1    2.48479e-01 
subscap10
parameters 5
# exponents ... coefficient
	  0   1   0    -1.60522e-02 
	  1   1   0    -3.35619e-02 
	  0   0   0    6.10366e-02 
	  0   3   0    1.31449e-02 
	  0   1   1    -2.34933e-02 
subscap11
parameters 4
# exponents ... coefficient
	  0   1   0    -1.19380e-02 
	  1   1   0    -4.09060e-02 
	  0   0   1    4.68187e-02 
	  1   2   0    -2.35215e-02 
bicl
parameters 4
# exponents ... coefficient
	  0   0   0   0   0    3.67017e-01 
	  0   0   0   1   0    -2.50565e-02 
	  0   0   0   0   1    3.55321e-03 
	  0   1   0   0   0    -8.70356e-03 
bicb1
parameters 1
# exponents ... coefficient
	  0   0   0   0   0    3.14097e-01 
triclong1
parameters 11
# exponents ... coefficient
	  0   0   0   0    2.93213e-01 
	  0   0   0   1    7.76942e-03 
	  1   0   0   0    3.75993e-02 
	  1   1   0   0    -5.29015e-02 
	  0   0   1   0    4.19264e-02 
	  0   1   1   0    7.16593e-02 
	  2   0   0   0    4.77537e-02 
	  0   0   0   4    8.56316e-04 
	  0   0   0   2    1.71922e-02 
	  0   0   2   0    8.05159e-02 
	  0   0   0   3    -7.28767e-03 
triclong2
parameters 12
# exponents ... coefficient
	  0   0   0   0    2.94856e-01 
	  0   0   0   1    8.33205e-03 
	  1   1   0   0    -3.58209e-02 
	  0   0   1   0    2.84238e-02 
	  2   0   0   0    4.11747e-02 
	  0   1   1   0    3.24727e-02 
	  0   0   2   0    7.58733e-02 
	  0   0   0   4    8.52882e-04 
	  0   0   0   2    1.66423e-02 
	  1   0   0   0    9.81326e-03 
	  0   0   0   3    -7.16378e-03 
	  1   1   1   0    -5.76321e-02 
triclong3
parameters 11
# exponents ... coefficient
	  0   0   0   0    2.96559e-01 
	  0   0   0   1    8.09930e-03 
	  1   1   0   0    -3.75746e-02 
	  1   0   0   0    2.57244e-02 
	  0   0   1   0    2.97484e-02 
	  0   1   1   0    5.03472e-02 
	  2   0   0   0    3.68697e-02 
	  0   0   2   0    6.07465e-02 
	  0   0   0   4    8.43378e-04 
	  0   0   0   2    1.68272e-02 
	  0   0   0   3    -7.16024e-03 
triclong4
parameters 12
# exponents ... coefficient
	  0   0   0   0    2.94856e-01 
	  0   0   0   1    8.33205e-03 
	  1   1   0   0    -3.58209e-02 
	  0   0   1   0    2.84238e-02 
	  2   0   0   0    4.11747e-02 
	  0   1   1   0    3.24727e-02 
	  0   0   2   0    7.58733e-02 
	  0   0   0   4    8.52882e-04 
	  0   0   0   2    1.66423e-02 
	  1   0   0   0    9.81326e-03 
	  0   0   0   3    -7.16378e-03 
	  1   1   1   0    -5.76321e-02 
latdorsi1
parameters 14
# exponents ... coefficient
	  0   3   0   0   0   1   0   0   0    -2.74273e+00 
	  0   0   0   1   2   0   0   0   0    5.62700e-01 
	  0   0   1   0   0   0   0   0   0    1.01171e-01 
	  0   2   0   0   0   0   0   0   0    -6.22500e-01 
	  1   0   0   0   0   0   0   0   0    1.26517e-01 
	  0   0   0   0   0   0   0   0   0    2.31871e-01 
	  0   0   0   0   2   1   0   0   0    3.96895e-01 
	  0   0   0   0   3   0   1   0   0    -1.80747e-01 
	  1   0   1   0   1   0   0   0   0    -8.73636e-01 
	  0   0   0   0   0   0   0   1   0    -1.96485e-02 
	  0   0   0   0   0   0   1   1   0    -6.76222e-02 
	  1   0   0   1   0   0   0   0   0    -3.43848e-01 
	  0   2   1   0   0   0   0   0   0    1.12365e+00 
	  1   0   0   0   2   1   0   0   0    -1.30561e+00 
latdorsi2
parameters 13
# exponents ... coefficient
	  0   3   0   0   0   1   0   0   0    -1.58079e-01 
	  0   0   1   0   0   0   0   0   0    2.68607e-01 
	  0   0   0   1   3   0   0   0   0    1.18968e+00 
	  0   1   0   0   0   0   0   0   0    2.25934e-01 
	  1   0   0   0   0   0   0   0   0    1.33475e-01 
	  0   0   0   0   0   0   0   0   0    2.69932e-01 
	  1   0   1   0   1   0   0   0   0    -9.66307e-01 
	  0   0   1   0   2   0   1   0   0    -5.81231e-01 
	  0   0   0   0   0   0   0   1   0    -1.83434e-02 
	  0   0   0   0   0   0   1   1   0    -6.92229e-02 
	  0   1   0   0   0   1   0   0   0    -4.17292e-01 
	  1   1   0   1   1   0   0   0   0    2.14536e+00 
	  1   0   0   0   0   0   0   0   1    1.25788e-01 
latdorsi3
parameters 15
# exponents ... coefficient
	  0   3   0   0   0   1   0   0   0    -1.26929e+01 
	  0   0   1   0   0   0   0   0   0    2.67818e-01 
	  0   0   0   1   3   0   0   0   0    7.70382e-01 
	  0   2   0   0   0   0   0   0   0    -8.26704e-01 
	  0   0   0   0   0   0   0   0   0    2.96190e-01 
	  0   0   0   0   4   0   0   0   0    -1.66503e-01 
	  0   3   0   0   1   0   0   0   0    -2.36363e+00 
	  1   0   0   0   0   0   0   0   0    1.15556e-01 
	  1   0   0   0   0   0   1   1   0    -3.08015e-01 
	  0   0   0   0   0   0   0   1   0    -1.75604e-02 
	  1   0   1   0   0   0   0   0   0    -4.09663e-01 
	  1   0   0   0   0   0   0   0   1    2.07522e-01 
	  0   2   1   0   0   1   0   0   0    -1.53063e+01 
	  0   0   0   2   0   0   0   0   0    -4.29758e-01 
	  1   0   2   0   0   1   0   0   0    7.44178e+00 
latdorsi4
parameters 13
# exponents ... coefficient
	  0   0   1   0   0   0   0   0   0    2.63129e-01 
	  0   3   0   0   0   1   0   0   0    -3.64747e+00 
	  0   0   0   1   3   0   0   0   0    7.20973e-01 
	  0   0   0   0   0   0   0   0   0    3.51997e-01 
	  0   1   0   0   0   0   0   0   0    3.60231e-01 
	  0   0   0   0   4   0   0   0   0    -2.59473e-01 
	  0   1   0   0   1   0   0   0   0    -3.92772e-01 
	  0   0   0   0   0   0   1   1   0    -5.30440e-02 
	  0   0   0   0   0   0   0   1   0    -1.48892e-02 
	  1   0   0   0   0   0   1   0   0    1.18213e-01 
	  1   0   0   0   0   0   0   0   0    2.54535e-02 
	  0   0   0   0   0   0   0   0   1    6.07553e-02 
	  0   1   0   0   0   0   2   0   0    -1.42134e-01 
latdorsi5
parameters 12
# exponents ... coefficient
	  0   0   1   0   0   0   0   0   0    2.93065e-01 
	  0   3   0   0   0   1   0   0   0    -3.39931e+00 
	  0   0   0   1   3   0   0   0   0    6.43545e-01 
	  0   0   0   0   0   0   0   0   0    2.65174e-01 
	  0   2   0   0   1   0   0   0   0    -3.40451e-01 
	  0   0   1   0   2   0   1   0   0    -3.93335e-01 
	  1   0   0   0   0   0   1   0   0    1.55966e-01 
	  0   0   0   0   0   0   0   1   0    -1.36048e-02 
	  0   0   0   0   0   0   1   1   0    -4.43273e-02 
	  0   1   0   0   0   0   2   0   0    -1.67065e-01 
	  0   1   0   1   1   0   1   0   0    -4.82274e-01 
	  0   0   0   0   0   0   0   0   1    5.51696e-02 
latdorsi6
parameters 1
# exponents ... coefficient
	  0   0   1   0   0   0   0   0   0    3.19423e-01 
pectmajt1
parameters 17
# exponents ... coefficient
	  0   0   1   0   0   0   0   0   0    3.40112e-01 
	  0   0   0   0   2   1   0   0   0    7.34607e-01 
	  0   1   0   0   0   0   0   0   0    -7.30567e-02 
	  1   2   0   0   0   0   0   0   0    -4.29161e-01 
	  0   0   0   0   0   0   0   1   0    -2.53061e-02 
	  0   1   0   1   0   0   0   0   0    2.14382e+00 
	  0   1   0   1   1   0   0   0   0    -3.60143e+00 
	  1   0   0   0   0   0   1   1   0    -3.03511e-01 
	  1   0   0   0   0   0   0   0   1    1.61269e-01 
	  0   0   0   0   3   0   0   0   1    -5.04123e-02 
	  0   0   0   0   1   0   1   0   0    -1.53979e-01 
	  0   0   0   0   0   0   0   1   1    -7.48896e-02 
	  0   0   2   0   2   0   0   0   0    -5.61310e-01 
	  1   0   0   0   1   1   1   0   0    -1.34891e+00 
	  0   0   0   0   1   1   2   0   0    -7.09447e-01 
	  0   0   0   0   0   0   0   0   0    1.34928e-01 
	  1   0   0   1   2   0   0   0   0    1.13666e+00 
pectmajt2
parameters 17
# exponents ... coefficient
	  0   0   1   0   0   0   0   0   0    2.47149e-01 
	  0   0   0   0   2   1   0   0   0    9.31558e-01 
	  0   2   0   1   0   0   0   0   0    -9.87712e-01 
	  0   1   0   0   0   0   0   0   0    -6.01548e-02 
	  0   0   0   0   0   0   0   1   0    -2.81130e-02 
	  1   2   0   0   0   0   0   0   0    -3.61754e-01 
	  0   0   0   0   1   0   1   0   0    -2.27284e-01 
	  1   1   0   1   1   0   0   0   0    -6.24066e+00 
	  1   0   0   0   1   0   1   0   0    2.55780e-01 
	  0   0   0   0   0   0   1   1   0    -7.72522e-02 
	  0   0   0   0   4   0   0   0   0    -7.84837e-02 
	  0   0   0   0   0   0   0   0   0    1.74090e-01 
	  0   0   1   1   0   0   0   0   0    -6.28293e-01 
	  1   0   0   0   2   1   0   0   0    -1.01413e+00 
	  0   0   0   0   1   0   0   1   1    -1.45250e-01 
	  0   1   0   0   1   1   1   0   0    7.53196e-01 
	  0   0   0   0   1   1   2   0   0    -6.07415e-01 
pectmajt3
parameters 11
# exponents ... coefficient
	  0   0   1   0   0   0   0   0   0    2.19747e-01 
	  0   0   0   0   2   1   0   0   0    7.44562e-01 
	  0   2   0   1   0   0   0   0   0    -1.73404e+00 
	  1   1   0   0   0   0   1   0   0    -3.80905e-01 
	  1   2   0   1   0   0   0   0   0    6.24390e+00 
	  0   0   0   0   1   0   1   0   0    -2.34714e-01 
	  0   0   0   0   0   0   0   1   0    -3.74753e-02 
	  0   1   0   0   0   0   0   0   0    -3.86157e-02 
	  0   0   0   0   0   0   1   1   0    -9.44006e-02 
	  0   1   0   0   3   0   0   0   0    1.67959e-01 
	  0   0   0   0   0   0   0   0   0    1.89299e-01 
pectmajt4
parameters 17
# exponents ... coefficient
	  0   0   1   0   0   0   0   0   0    1.92631e-01 
	  0   0   0   0   2   1   0   0   0    9.05765e-01 
	  0   1   0   1   0   0   0   0   0    4.68938e-01 
	  0   1   0   0   0   0   0   0   0    -9.39428e-04 
	  1   3   0   0   0   0   0   0   0    1.35394e+00 
	  0   0   0   0   0   0   0   1   0    -2.89227e-02 
	  0   0   0   0   1   0   1   0   0    -1.80221e-01 
	  1   1   0   1   1   0   0   0   0    -4.52750e+00 
	  0   0   0   0   4   0   0   0   0    -1.48374e-01 
	  1   0   0   0   1   0   1   0   0    1.46138e-01 
	  0   0   0   0   0   0   1   1   0    -7.41293e-02 
	  0   0   0   0   0   0   0   0   0    1.90899e-01 
	  0   0   2   1   1   0   0   0   0    -1.80685e+00 
	  0   0   0   0   1   0   0   1   1    -1.51258e-01 
	  1   1   0   0   1   1   0   0   0    2.55928e+00 
	  0   0   0   0   2   1   1   0   0    -4.05395e-01 
	  0   2   0   0   2   0   0   0   0    4.65559e-01 
pectmajt5
parameters 18
# exponents ... coefficient
	  0   0   1   0   0   0   0   0   0    1.05666e-01 
	  0   0   0   0   3   1   0   0   0    1.65748e+00 
	  0   1   0   1   0   0   0   0   0    3.74856e-01 
	  0   1   0   0   0   0   0   0   0    -1.54091e-02 
	  0   0   0   0   0   0   0   1   0    -2.72751e-02 
	  1   2   0   0   0   0   1   0   0    4.11135e-01 
	  1   1   0   1   1   0   0   0   0    -1.67632e+00 
	  0   0   0   0   1   0   1   0   0    -1.76659e-01 
	  1   0   0   0   3   0   0   0   0    1.74356e-01 
	  0   0   0   0   0   0   1   1   0    -6.44083e-02 
	  1   0   0   0   2   1   0   0   0    -1.57687e+00 
	  0   0   0   0   0   0   0   0   0    2.07966e-01 
	  2   0   2   0   0   0   0   0   0    -8.14276e-01 
	  0   0   0   0   1   0   0   1   1    -1.48000e-01 
	  0   0   0   0   1   0   0   0   0    -5.09346e-02 
	  1   0   0   0   0   0   0   0   0    -3.66870e-02 
	  0   0   0   0   2   1   1   0   0    -5.98293e-01 
	  1   1   0   0   0   1   1   0   0    -1.46394e+00 
pectmajt6
parameters 13
# exponents ... coefficient
	  0   0   1   0   0   0   0   0   0    6.02133e-02 
	  0   0   0   0   3   1   0   0   0    1.45227e+00 
	  0   1   0   1   0   0   0   0   0    3.89638e-01 
	  1   1   0   0   0   0   1   0   0    -1.22826e-01 
	  1   2   0   1   0   0   0   0   0    2.65572e+00 
	  0   0   0   0   0   0   0   1   0    -2.75704e-02 
	  0   0   0   0   1   0   1   0   0    -1.78273e-01 
	  0   0   0   0   0   0   1   1   0    -7.27300e-02 
	  0   0   0   0   0   0   0   0   0    2.02827e-01 
	  0   0   0   0   1   0   0   0   0    -2.89795e-02 
	  0   0   0   0   1   0   0   1   1    -1.66969e-01 
	  0   0   0   0   2   2   0   0   0    1.77358e+00 
	  1   0   0   0   0   0   0   2   0    -2.21718e-02 
pectmajc1
parameters 9
# exponents ... coefficient
	  0   3   1   0   0   0    1.23278e+00 
	  1   0   0   0   0   0    -1.05302e-01 
	  0   1   0   1   0   0    -1.85117e-01 
	  0   0   0   0   1   1    -1.49560e-01 
	  0   0   0   0   0   0    1.76423e-01 
	  0   1   0   1   1   1    -6.13450e-01 
	  0   0   2   0   0   0    4.02624e-01 
	  0   1   0   0   0   0    -2.20021e-02 
	  0   0   0   0   1   0    -1.46399e-02 
pectmajc2
parameters 9
# exponents ... coefficient
	  0   3   1   0   0   0    7.96249e-01 
	  1   0   0   0   0   0    -1.04664e-01 
	  0   0   0   0   1   0    -2.07801e-02 
	  0   1   0   1   0   0    -1.06459e-01 
	  0   4   0   0   0   0    -5.46222e-02 
	  0   0   0   0   1   1    -7.40221e-02 
	  0   0   0   0   0   0    1.28881e-01 
	  0   0   0   1   1   0    -4.27667e-02 
	  1   0   1   0   0   0    -4.15425e-01 
tricmed1
parameters 4
# exponents ... coefficient
	  0    1.48206e-01 
	  1    1.41085e-02 
	  4    -2.29311e-04 
	  2    2.05447e-03 
tricmed2
parameters 4
# exponents ... coefficient
	  0    1.71871e-01 
	  1    1.42739e-02 
	  4    -2.34083e-04 
	  2    2.08583e-03 
tricmed3
parameters 4
# exponents ... coefficient
	  0    5.75819e-02 
	  1    1.18666e-02 
	  4    -2.74454e-04 
	  2    3.43786e-03 
tricmed4
parameters 4
# exponents ... coefficient
	  0    9.56665e-02 
	  1    1.38246e-02 
	  4    -2.52903e-04 
	  2    2.58598e-03 
tricmed5
parameters 4
# exponents ... coefficient
	  0    1.38907e-01 
	  1    1.42540e-02 
	  4    -2.37543e-04 
	  2    2.16233e-03 
brachialis1
parameters 4
# exponents ... coefficient
	  0    1.88524e-01 
	  1    3.37264e-04 
	  2    -1.75806e-02 
	  4    9.52039e-04 
brachialis2
parameters 4
# exponents ... coefficient
	  0    1.80423e-01 
	  1    -9.37872e-04 
	  2    -1.63473e-02 
	  4    9.04815e-04 
brachialis3
parameters 4
# exponents ... coefficient
	  0    1.45583e-01 
	  1    -3.33172e-03 
	  2    -1.05094e-02 
	  4    5.90743e-04 
brachialis4
parameters 4
# exponents ... coefficient
	  0    1.42764e-01 
	  1    -2.51206e-04 
	  2    -1.60680e-02 
	  4    8.65705e-04 
brachialis5
parameters 4
# exponents ... coefficient
	  0    1.09853e-01 
	  1    -1.22741e-03 
	  2    -1.23470e-02 
	  4    6.06968e-04 
brachialis6
parameters 4
# exponents ... coefficient
	  0    9.72831e-02 
	  1    -2.30231e-03 
	  2    -1.05917e-02 
	  4    5.80432e-04 
brachialis7
parameters 3
# exponents ... coefficient
	  0    9.48717e-02 
	  2    -1.34575e-02 
	  4    6.22789e-04 
brachiorad1
parameters 8
# exponents ... coefficient
	  0   0    3.32303e-01 
	  1   0    -2.09100e-03 
	  0   4    -7.20635e-04 
	  0   1    -2.58945e-03 
	  0   3    4.35132e-03 
	  2   0    -3.69121e-02 
	  4   0    2.09005e-03 
	  0   2    -5.93165e-03 
brachiorad2
parameters 9
# exponents ... coefficient
	  0   0    3.14470e-01 
	  1   0    -9.27905e-03 
	  0   4    -5.60756e-04 
	  0   1    -2.05887e-03 
	  0   3    3.38705e-03 
	  2   0    -6.10058e-03 
	  4   0    3.98501e-03 
	  0   2    -4.60781e-03 
	  3   0    -1.38781e-02 
brachiorad3
parameters 9
# exponents ... coefficient
	  0   0    2.98828e-01 
	  1   0    -9.55960e-03 
	  0   4    -4.10307e-04 
	  0   1    -1.53989e-03 
	  0   3    2.48991e-03 
	  2   0    -1.40936e-03 
	  4   0    3.27912e-03 
	  0   2    -3.41147e-03 
	  3   0    -1.21822e-02 
pronteres1
parameters 8
# exponents ... coefficient
	  0   0    1.56469e-01 
	  1   1    -6.73931e-04 
	  1   0    -4.91149e-05 
	  0   1    -4.02589e-05 
	  0   2    -3.92339e-03 
	  0   4    1.99509e-04 
	  4   0    3.51880e-04 
	  2   0    -5.59158e-03 
pronteres2
parameters 2
# exponents ... coefficient
	  0    8.42086e-02 
	  1    -6.47438e-03 
supinator1
parameters 3
# exponents ... coefficient
	  0    2.22497e-02 
	  1    9.34290e-03 
	  3    -3.77327e-04 
supinator2
parameters 3
# exponents ... coefficient
	  0    1.99973e-02 
	  1    7.95604e-03 
	  4    -8.91793e-05 
supinator3
parameters 3
# exponents ... coefficient
	  0    1.89629e-02 
	  1    6.41861e-03 
	  4    -6.59347e-05 
supinator4
parameters 2
# exponents ... coefficient
	  0    1.95266e-02 
	  1    4.20615e-03 
supinator5
parameters 2
# exponents ... coefficient
	  0    1.99994e-02 
	  1    3.69294e-03 
pronquad1
parameters 2
# exponents ... coefficient
	  0    3.59000e-02 
	  1    -3.37328e-03 
pronquad2
parameters 3
# exponents ... coefficient
	  0    2.89844e-02 
	  1    -5.22705e-03 
	  4    8.81589e-05 
pronquad3
parameters 3
# exponents ... coefficient
	  0    2.73994e-02 
	  1    -5.81580e-03 
	  3    4.77246e-04 
triclat1
parameters 4
# exponents ... coefficient
	  0    2.25477e-01 
	  1    1.33703e-02 
	  4    -3.03799e-04 
	  2    3.42544e-03 
triclat2
parameters 4
# exponents ... coefficient
	  0    2.27680e-01 
	  1    1.39035e-02 
	  4    -2.90444e-04 
	  2    3.13327e-03 
triclat3
parameters 4
# exponents ... coefficient
	  0    2.32232e-01 
	  1    1.17668e-02 
	  4    -3.25499e-04 
	  2    4.31956e-03 
triclat4
parameters 4
# exponents ... coefficient
	  0    1.92465e-01 
	  1    1.16673e-02 
	  4    -3.27117e-04 
	  2    4.39916e-03 
triclat5
parameters 4
# exponents ... coefficient
	  0    1.88284e-01 
	  1    1.08513e-02 
	  4    -3.35874e-04 
	  2    4.69349e-03 
anconeus1
parameters 3
# exponents ... coefficient
	  0    1.69246e-02 
	  1    7.24802e-03 
	  4    -7.21205e-05 
anconeus2
parameters 4
# exponents ... coefficient
	  0    1.68791e-02 
	  1    2.72483e-03 
	  4    -2.53173e-04 
	  2    3.51592e-03 
anconeus3
parameters 3
# exponents ... coefficient
	  0    1.88716e-02 
	  1    6.93429e-03 
	  3    -2.64676e-04 
anconeus4
parameters 4
# exponents ... coefficient
	  0    4.74640e-02 
	  1    -9.55142e-04 
	  2    6.27854e-03 
	  3    -1.34468e-03 
anconeus5
parameters 2
# exponents ... coefficient
	  0    3.19057e-02 
	  1    6.44671e-03 
