trapscap1
parameters 10
# exponents ... coefficient
	  0   0   0   0   0   0    1.42699e-01 
	  2   1   0   0   0   0    -3.96322e-01 
	  0   1   1   2   0   0    4.56447e-02 
	  0   1   0   0   0   1    2.55329e-02 
	  1   0   0   0   1   0    -1.74799e-02 
	  2   2   0   0   0   0    1.13637e+00 
	  0   0   0   1   0   0    5.56655e-02 
	  1   0   0   2   0   0    3.08512e-02 
	  0   4   0   0   0   0    -2.29820e+00 
	  3   0   0   0   0   0    3.05647e-02 
trapscap2
parameters 10
# exponents ... coefficient
	  0   0   0   1   0   0    1.65255e-01 
	  1   1   0   2   0   0    -3.57825e-01 
	  0   1   1   0   0   0    9.42393e-02 
	  1   0   0   2   0   1    -1.34042e-02 
	  1   0   0   1   1   0    -2.93856e-02 
	  1   0   0   2   0   0    1.37639e-01 
	  0   2   0   1   0   0    -5.69254e-01 
	  0   1   0   2   0   0    -4.55776e-02 
	  4   0   0   0   0   0    -3.79598e-02 
	  0   0   0   0   0   0    5.65684e-02 
trapscap3
parameters 10
# exponents ... coefficient
	  0   0   0   1   0   0    1.08261e-01 
	  2   1   0   1   0   0    -1.71144e-03 
	  0   1   1   0   0   0    3.77721e-02 
	  0   1   0   2   1   0    1.12416e-01 
	  0   1   0   0   0   1    3.76711e-02 
	  1   0   0   2   0   0    4.87033e-02 
	  1   0   1   2   0   0    -3.32594e-02 
	  1   1   0   0   0   0    7.34780e-02 
	  0   0   0   0   0   0    8.56131e-02 
	  1   0   0   0   0   0    5.27014e-02 
trapscap4
parameters 8
# exponents ... coefficient
	  0   0   0   1   0   0    1.76880e-01 
	  2   1   0   1   0   0    -6.82561e-02 
	  0   1   1   0   0   0    -6.83142e-02 
	  0   1   0   2   1   0    1.34640e-01 
	  0   1   0   0   0   1    3.59771e-02 
	  1   0   0   2   0   0    9.99660e-02 
	  1   0   1   2   0   0    -6.33950e-02 
	  0   2   1   1   0   0    1.30837e-01 
trapscap5
parameters 10
# exponents ... coefficient
	  0   0   0   1   0   0    8.05370e-02 
	  0   2   0   1   1   0    2.18042e-01 
	  1   0   0   1   0   0    1.44973e-02 
	  1   0   1   0   0   0    -5.74949e-02 
	  0   1   0   0   0   1    2.54290e-02 
	  0   2   1   0   1   0    -3.97371e-01 
	  3   1   0   0   0   0    4.18343e-02 
	  0   1   0   1   1   0    1.44868e-01 
	  0   0   0   0   0   0    9.56128e-02 
	  1   0   0   0   0   0    1.10688e-01 
trapscap6
parameters 9
# exponents ... coefficient
	  0   0   0   1   0   0    7.67897e-02 
	  1   0   0   1   0   0    3.06235e-03 
	  1   0   0   2   1   0    -4.20361e-02 
	  0   0   2   0   0   0    3.46062e-02 
	  0   1   0   0   0   0    8.71419e-03 
	  0   0   0   0   0   2    1.78149e-01 
	  0   0   0   0   0   0    1.15139e-01 
	  1   0   0   0   0   0    1.25660e-01 
	  0   0   0   1   0   2    -1.43883e-01 
trapscap7
parameters 12
# exponents ... coefficient
	  0   1   0   3   0   0    1.65197e-03 
	  3   0   0   0   0   0    -1.29114e-02 
	  0   0   0   0   0   0    1.28166e-01 
	  0   0   0   0   0   1    -1.22746e-02 
	  1   0   3   0   0   0    -4.64983e-02 
	  0   1   2   0   1   0    2.78744e-01 
	  1   0   0   0   0   0    1.53720e-01 
	  0   0   1   0   0   1    1.56111e-02 
	  0   0   0   1   0   0    6.13757e-02 
	  1   1   0   0   0   0    -8.97938e-02 
	  3   0   1   0   0   0    3.59847e-02 
	  2   0   0   0   2   0    1.46004e-01 
trapscap8
parameters 14
# exponents ... coefficient
	  0   1   0   2   0   0    4.24914e-02 
	  1   1   0   2   0   0    2.52012e-01 
	  0   0   0   0   0   0    1.23544e-01 
	  0   0   0   0   1   1    7.47741e-02 
	  1   0   0   0   0   0    1.36124e-01 
	  0   0   1   0   1   1    -1.86264e-01 
	  0   0   1   0   0   0    -3.57786e-02 
	  0   0   2   2   0   0    3.45515e-02 
	  0   0   0   0   1   0    -1.90604e-02 
	  0   0   0   1   0   0    6.79093e-02 
	  1   1   0   1   0   0    -3.28285e-01 
	  0   0   2   0   2   0    1.25113e-01 
	  0   0   0   0   0   1    -1.57917e-02 
	  0   0   2   1   1   0    9.98712e-02 
trapscap9
parameters 11
# exponents ... coefficient
	  0   1   0   2   0   0    1.12603e-01 
	  0   0   0   0   0   1    -2.70825e-02 
	  2   0   1   1   0   0    -2.56338e-02 
	  0   0   0   0   0   0    1.82121e-01 
	  0   0   0   0   1   0    -8.62332e-02 
	  1   0   0   0   0   0    9.30877e-02 
	  0   0   1   0   0   0    -6.76233e-02 
	  1   0   0   2   1   0    -5.98308e-02 
	  0   0   2   0   0   0    4.50743e-02 
	  0   0   1   0   0   1    1.59813e-02 
	  4   0   0   0   0   0    2.10815e-02 
trapscap10
parameters 10
# exponents ... coefficient
	  0   1   0   1   0   0    2.56953e-02 
	  0   0   0   0   0   1    -2.60170e-02 
	  0   0   0   0   0   0    1.91818e-01 
	  1   0   1   0   0   0    1.33942e-01 
	  0   0   0   1   1   0    -6.54487e-02 
	  1   0   2   0   0   0    -8.18021e-02 
	  1   0   0   0   0   0    7.54768e-02 
	  0   0   1   0   1   0    7.24397e-02 
	  0   0   0   3   0   0    1.21878e-02 
	  1   1   0   0   0   0    -1.57820e-01 
trapscap11
parameters 10
# exponents ... coefficient
	  0   1   0   1   0   0    1.30875e-01 
	  0   0   0   0   0   0    2.22929e-01 
	  1   0   1   0   0   0    1.44241e-01 
	  0   0   0   0   0   1    -2.94741e-02 
	  0   0   0   1   1   0    -5.18738e-02 
	  1   0   2   0   0   0    -8.80803e-02 
	  0   0   2   0   1   0    7.02087e-02 
	  1   0   0   0   0   0    1.05619e-01 
	  2   0   0   0   0   0    6.27596e-02 
	  0   0   0   2   0   0    6.45763e-03 
trapclav1
parameters 5
# exponents ... coefficient
	  0   0   0    1.82929e-01 
	  2   1   0    -4.62295e-01 
	  0   1   1    2.52741e-02 
	  3   1   0    -3.78462e-01 
	  3   0   0    3.86054e-02 
trapclav2
parameters 6
# exponents ... coefficient
	  0   0   0    2.11440e-01 
	  2   1   0    2.35800e-02 
	  0   3   1    9.68699e-02 
	  1   0   0    1.03214e-01 
	  0   2   0    -1.43975e-01 
	  0   0   1    2.35901e-03 
levscap1
parameters 11
# exponents ... coefficient
	  0   0   0   0   0   0    1.48493e-01 
	  0   0   1   1   0   0    9.54878e-02 
	  0   2   0   0   1   0    -2.45795e-01 
	  0   0   0   0   0   1    1.41519e-02 
	  0   1   0   0   0   0    -8.47619e-02 
	  0   0   0   0   1   0    9.32765e-02 
	  0   0   0   1   0   0    3.71955e-02 
	  4   0   0   0   0   0    7.27154e-03 
	  1   1   0   2   0   0    2.92102e-02 
	  1   0   1   1   0   1    1.37109e-02 
	  0   0   2   2   0   0    -3.06285e-02 
levscap2
parameters 12
# exponents ... coefficient
	  0   0   0   1   0   0    7.82951e-02 
	  0   1   0   3   0   0    -7.60547e-03 
	  0   0   1   0   0   0    7.92622e-02 
	  1   0   0   0   1   0    -1.93007e-01 
	  0   0   0   0   0   1    1.46586e-02 
	  1   1   0   1   1   0    4.12105e-02 
	  0   2   2   0   0   0    -1.04021e-01 
	  0   0   0   0   0   0    7.74508e-02 
	  0   1   0   0   0   0    -8.45442e-02 
	  0   0   1   0   0   1    -8.64287e-03 
	  2   1   0   0   1   0    -3.66325e-01 
	  1   0   0   3   0   0    4.96728e-03 
pectmin1
parameters 10
# exponents ... coefficient
	  0   0   0   0   0   0    9.39519e-02 
	  1   1   0   0   0   0    -1.50733e-01 
	  0   0   0   3   1   0    -6.65807e-03 
	  0   0   0   2   0   2    1.51020e-02 
	  0   0   1   0   0   0    -7.78723e-03 
	  1   0   0   1   0   0    -1.92789e-02 
	  2   1   0   1   0   0    -9.39340e-02 
	  0   0   1   0   0   1    8.79805e-03 
	  0   0   0   1   0   0    8.10900e-03 
	  3   0   1   0   0   0    -7.92713e-03 
pectmin2
parameters 9
# exponents ... coefficient
	  0   0   0   0   0   0    1.07589e-01 
	  1   1   0   0   0   0    -2.22706e-01 
	  0   0   0   3   1   0    -1.03487e-02 
	  1   0   0   0   0   1    -1.94989e-02 
	  0   0   1   0   0   0    -1.35793e-02 
	  2   2   0   0   0   0    -1.99398e-01 
	  0   0   0   1   0   0    2.05506e-02 
	  1   1   0   2   0   0    3.77753e-02 
	  1   0   1   0   0   0    -1.24159e-02 
pectmin3
parameters 10
# exponents ... coefficient
	  0   0   0   0   0   0    8.39283e-02 
	  1   1   0   0   0   0    -3.57298e-01 
	  0   0   0   3   1   0    -1.79790e-02 
	  1   0   0   0   0   1    -2.85322e-02 
	  1   2   0   0   0   0    5.66977e-01 
	  0   0   1   0   0   0    -3.76056e-03 
	  0   2   1   0   0   0    1.91912e-01 
	  0   0   1   2   1   0    1.33871e-02 
	  0   0   0   1   0   0    1.57714e-02 
	  1   0   1   2   0   0    1.67168e-02 
pectmin4
parameters 12
# exponents ... coefficient
	  0   0   0   0   0   0    1.11369e-01 
	  1   1   0   0   0   0    -2.61432e-01 
	  0   0   1   0   0   1    5.01962e-02 
	  0   0   0   0   1   0    -2.21771e-02 
	  0   1   1   1   0   1    -6.80195e-02 
	  2   2   0   0   0   0    -2.60351e-01 
	  0   0   0   3   0   1    2.19417e-03 
	  0   1   0   0   1   0    5.63065e-02 
	  0   0   0   4   0   0    5.83298e-03 
	  0   1   0   3   0   0    -2.34679e-02 
	  0   0   1   3   0   0    -8.06143e-03 
	  0   1   1   1   0   0    3.42235e-02 
rhomboid1
parameters 13
# exponents ... coefficient
	  0   0   0   1   0   0    9.66235e-02 
	  1   1   0   1   1   0    3.37996e-01 
	  0   0   1   0   0   0    8.18931e-02 
	  2   1   0   1   0   0    3.62283e-02 
	  1   0   0   1   1   0    -2.13601e-01 
	  3   1   0   0   0   0    -1.11767e-02 
	  1   0   0   0   0   0    7.07115e-02 
	  0   0   0   0   2   2    4.05100e-01 
	  3   0   0   0   0   1    -1.89881e-02 
	  0   1   1   1   0   1    -5.27231e-02 
	  1   1   0   2   0   0    5.28689e-02 
	  0   0   0   0   0   0    6.05642e-02 
	  0   2   0   0   0   0    -1.24810e-01 
rhomboid2
parameters 9
# exponents ... coefficient
	  0   0   0   0   0   0    6.92379e-02 
	  1   1   0   0   1   0    7.54257e-01 
	  0   0   1   1   0   0    8.38949e-02 
	  1   0   0   0   0   0    -1.13942e-02 
	  0   0   0   3   0   1    -1.62641e-02 
	  0   1   0   0   1   0    9.59386e-01 
	  1   1   0   0   0   0    4.64908e-02 
	  0   0   0   1   0   0    1.27112e-01 
	  1   0   0   2   0   0    7.02579e-02 
rhomboid3
parameters 9
# exponents ... coefficient
	  0   0   1   1   0   0    8.67953e-02 
	  1   1   0   1   1   0    8.52381e-01 
	  0   0   0   0   0   0    3.53930e-02 
	  1   0   0   0   0   0    8.39395e-06 
	  0   0   0   3   0   1    -1.51381e-02 
	  0   1   0   0   1   0    1.09976e+00 
	  2   1   0   1   0   0    -5.78849e-02 
	  0   0   0   1   0   0    1.34642e-01 
	  1   0   0   3   0   0    5.02675e-02 
rhomboid4
parameters 10
# exponents ... coefficient
	  0   0   1   1   0   0    -3.83060e-02 
	  1   1   0   1   1   0    3.81859e-01 
	  0   0   0   0   0   0    9.18322e-02 
	  1   0   0   0   0   0    6.92704e-02 
	  0   0   0   3   0   1    -1.82759e-02 
	  0   1   0   0   1   0    4.32305e-01 
	  2   1   0   1   0   0    -6.45191e-02 
	  0   0   0   0   1   0    9.48241e-02 
	  0   0   0   1   0   0    7.90379e-02 
	  0   0   1   0   0   0    1.46178e-01 
rhomboid5
parameters 12
# exponents ... coefficient
	  0   0   1   1   0   0    1.10797e-01 
	  1   1   0   1   1   0    5.66515e-02 
	  1   0   1   1   0   0    1.46500e-01 
	  0   0   0   0   0   0    1.13261e-01 
	  0   0   0   3   0   1    -4.39611e-02 
	  1   0   0   0   0   0    1.00413e-01 
	  0   1   0   0   1   0    3.67649e-03 
	  1   0   0   0   0   1    -4.64279e-02 
	  0   0   0   0   1   0    1.54161e-01 
	  0   3   0   0   0   0    -1.60652e-01 
	  0   0   0   1   0   0    5.68544e-02 
	  1   0   1   0   0   0    -1.53430e-01 
serrant1
parameters 10
# exponents ... coefficient
	  1   1   0   1   0   0    -7.21858e-02 
	  0   1   0   0   0   1    -4.63676e-01 
	  0   0   0   2   1   0    -1.54879e-01 
	  0   1   1   1   0   0    1.83519e-01 
	  0   0   0   0   0   0    1.30569e-01 
	  0   0   1   0   0   0    -2.05226e-01 
	  1   0   0   0   0   0    -9.15024e-02 
	  0   0   0   0   0   2    1.87849e-01 
	  0   0   1   1   1   0    1.10765e-01 
	  0   0   0   1   0   0    1.51793e-02 
serrant2
parameters 8
# exponents ... coefficient
	  1   0   0   1   0   0    -1.01803e-01 
	  0   1   0   0   1   0    -1.22741e+00 
	  0   0   0   1   0   1    -1.00069e-01 
	  1   0   1   1   0   0    -6.66000e-02 
	  0   1   0   0   0   0    6.94359e-02 
	  0   0   0   0   0   0    1.43829e-01 
	  0   0   1   0   0   0    -2.13055e-01 
	  1   1   0   1   1   0    -9.29812e-01 
serrant3
parameters 9
# exponents ... coefficient
	  1   0   0   1   0   0    -8.68810e-02 
	  0   1   0   0   1   0    -1.17865e+00 
	  0   0   0   1   0   1    -9.80957e-02 
	  1   0   1   1   0   0    -7.61875e-02 
	  0   0   0   0   0   0    1.49298e-01 
	  0   0   1   0   0   0    -2.06996e-01 
	  2   0   0   1   1   0    2.73562e-01 
	  1   0   0   0   0   0    -3.19312e-02 
	  0   1   1   0   1   0    2.94271e-01 
serrant4
parameters 8
# exponents ... coefficient
	  1   0   0   1   0   0    -9.26695e-02 
	  0   1   0   0   1   0    -6.25554e-01 
	  1   0   1   1   0   0    -2.64895e-02 
	  0   0   0   0   0   1    -9.94220e-02 
	  0   0   0   0   0   0    1.41948e-01 
	  0   0   1   0   0   0    -1.53661e-01 
	  1   0   1   1   1   0    -1.52270e-01 
	  1   0   0   0   0   0    -2.68265e-02 
serrant5
parameters 7
# exponents ... coefficient
	  1   0   0   1   0   0    -1.16848e-01 
	  0   0   0   0   1   0    -9.37100e-02 
	  1   0   1   1   0   0    2.92631e-02 
	  0   0   0   0   0   1    -8.84307e-02 
	  0   0   0   0   0   0    1.34162e-01 
	  2   1   1   0   0   0    4.25559e-02 
	  0   0   1   0   0   0    -1.05844e-01 
serrant6
parameters 7
# exponents ... coefficient
	  1   0   0   1   0   0    -9.75237e-02 
	  0   1   1   1   0   1    7.06466e-02 
	  0   0   0   0   1   0    -5.82212e-02 
	  0   0   0   0   0   0    1.34723e-01 
	  0   0   1   0   0   0    -8.41595e-02 
	  0   1   0   0   0   0    -3.22557e-02 
	  1   0   0   1   0   1    1.09941e-01 
serrant7
parameters 7
# exponents ... coefficient
	  1   0   0   1   0   0    -8.57215e-02 
	  1   1   1   1   0   0    -1.39644e-02 
	  1   0   0   2   0   1    1.22241e-01 
	  0   0   0   0   0   0    9.69784e-02 
	  0   3   0   0   1   0    -1.01735e+00 
	  0   1   1   0   0   0    -1.59544e-01 
	  0   1   0   2   0   1    1.71955e-01 
serrant8
parameters 7
# exponents ... coefficient
	  1   0   0   1   0   0    -9.00178e-02 
	  0   2   0   1   0   1    1.44581e-01 
	  1   1   1   1   0   0    3.66914e-02 
	  0   0   0   0   0   0    7.27350e-02 
	  0   3   0   0   1   0    -8.24244e-01 
	  1   0   0   1   0   1    5.11842e-02 
	  0   1   1   0   0   0    -8.64383e-02 
serrant9
parameters 9
# exponents ... coefficient
	  1   0   0   1   0   0    -7.88108e-02 
	  0   2   0   1   0   1    -2.38808e-02 
	  0   1   2   1   0   0    -2.57424e-02 
	  0   2   1   0   1   0    1.11467e-02 
	  0   0   0   0   0   0    5.09147e-02 
	  0   0   0   1   0   1    -8.29940e-03 
	  0   1   1   0   0   0    -5.15162e-02 
	  0   2   0   0   1   0    -3.12052e-01 
	  0   0   0   1   0   0    1.36872e-02 
serrant10
parameters 7
# exponents ... coefficient
	  1   0   0   1   0   0    -7.69241e-02 
	  0   1   2   1   0   0    -9.38143e-02 
	  0   1   0   0   1   0    -8.62527e-02 
	  1   1   0   1   0   1    9.89841e-03 
	  0   0   0   0   0   0    2.65214e-02 
	  0   0   0   1   0   0    2.02197e-02 
	  0   1   3   0   0   0    5.34903e-02 
serrant11
parameters 9
# exponents ... coefficient
	  1   0   0   1   0   0    -9.04296e-02 
	  1   0   1   2   0   0    1.21424e-02 
	  0   0   0   0   0   1    4.50350e-03 
	  1   0   0   1   1   0    3.85212e-02 
	  0   0   0   0   0   0    3.76076e-02 
	  0   3   0   0   0   1    -1.75838e-02 
	  3   0   0   0   0   1    2.25729e-03 
	  0   1   0   1   0   0    2.05380e-02 
	  0   1   1   1   0   0    -4.16757e-02 
serrant12
parameters 7
# exponents ... coefficient
	  1   0   0   1   0   0    -9.26921e-02 
	  0   0   0   0   0   1    1.12762e-02 
	  0   1   0   0   1   0    -1.25067e-01 
	  1   0   1   2   0   0    8.71377e-03 
	  0   0   0   0   0   0    2.86457e-02 
	  0   1   0   0   0   0    3.11937e-02 
	  0   1   1   1   0   0    -5.23030e-02 
deltscap1
parameters 9
# exponents ... coefficient
	  0   0   0    1.67844e-01 
	  1   1   0    4.06622e-02 
	  0   0   1    6.11039e-03 
	  0   1   0    4.46784e-02 
	  2   1   0    -1.11711e-02 
	  3   1   0    -4.73845e-03 
	  0   0   3    -4.20257e-04 
	  0   2   0    -1.60125e-02 
	  1   2   0    -1.00242e-02 
deltscap2
parameters 7
# exponents ... coefficient
	  0   0   0    1.60353e-01 
	  1   1   0    3.05556e-02 
	  0   0   1    5.46478e-03 
	  0   0   3    -3.79509e-04 
	  3   1   0    -2.70817e-03 
	  2   0   0    -7.68416e-03 
	  4   0   0    6.47835e-04 
deltscap3
parameters 8
# exponents ... coefficient
	  0   0   0    1.35815e-01 
	  1   1   0    3.68693e-02 
	  3   1   0    -4.02769e-03 
	  0   0   1    3.94881e-03 
	  0   0   3    -2.70092e-04 
	  2   2   0    -4.15289e-03 
	  1   2   0    -5.70274e-03 
	  1   0   0    3.10707e-03 
deltscap4
parameters 7
# exponents ... coefficient
	  0   0   0    1.13127e-01 
	  1   1   0    2.80912e-02 
	  3   1   0    -2.65123e-03 
	  0   0   1    3.96681e-03 
	  0   0   3    -2.71518e-04 
	  0   1   0    -6.34457e-03 
	  1   0   0    3.64323e-03 
deltscap5
parameters 8
# exponents ... coefficient
	  0   0   0    1.05532e-01 
	  1   1   0    1.31275e-02 
	  0   2   0    -1.75663e-02 
	  2   2   0    3.82437e-03 
	  0   0   1    2.51134e-03 
	  0   0   3    -1.71688e-04 
	  1   0   0    4.87789e-03 
	  3   0   0    -4.66632e-04 
deltscap6
parameters 7
# exponents ... coefficient
	  0   0   0    1.42671e-01 
	  1   1   0    3.09352e-02 
	  0   2   0    -1.23651e-02 
	  3   1   0    -2.55305e-03 
	  0   0   1    2.24239e-03 
	  0   0   3    -1.53840e-04 
	  1   3   0    -3.15288e-03 
deltscap7
parameters 7
# exponents ... coefficient
	  0   0   0    1.57964e-01 
	  1   1   0    2.37974e-02 
	  0   2   0    -1.39482e-02 
	  2   2   0    2.88707e-03 
	  0   0   1    1.55663e-03 
	  3   1   0    -1.43688e-03 
	  0   0   3    -1.07092e-04 
deltscap8
parameters 4
# exponents ... coefficient
	  0   0   0    1.39732e-01 
	  1   1   0    1.42364e-02 
	  0   2   0    -2.01435e-02 
	  2   2   0    4.35209e-03 
deltscap9
parameters 9
# exponents ... coefficient
	  0   0   0    1.50627e-01 
	  0   2   0    -9.26626e-03 
	  1   1   0    1.03104e-02 
	  2   2   0    1.09286e-03 
	  0   0   1    2.11354e-03 
	  0   0   3    -1.45532e-04 
	  0   1   0    -1.46894e-02 
	  2   1   0    3.23043e-03 
	  1   0   0    2.47800e-03 
deltscap10
parameters 6
# exponents ... coefficient
	  0   0   0    1.41402e-01 
	  0   1   0    -2.65002e-02 
	  2   1   0    3.90759e-03 
	  1   1   0    7.78236e-03 
	  0   0   1    1.51390e-03 
	  0   0   3    -1.05775e-04 
deltscap11
parameters 6
# exponents ... coefficient
	  0   0   0    1.32425e-01 
	  0   1   0    -2.88165e-02 
	  2   1   0    5.03166e-03 
	  3   1   0    1.18106e-03 
	  1   1   0    -3.77100e-03 
	  2   2   0    -1.73323e-03 
deltclav1
parameters 7
# exponents ... coefficient
	  0   0   0   0   0   0    1.48071e-01 
	  2   0   1   0   0   0    -2.09220e-02 
	  2   1   0   0   0   0    1.08495e-02 
	  0   0   0   0   2   0    -1.56762e-02 
	  1   0   0   1   1   0    -9.48720e-03 
	  1   0   0   2   1   0    -2.32839e-03 
	  0   1   2   0   0   0    -3.52053e-01 
deltclav2
parameters 7
# exponents ... coefficient
	  0   0   0   0   0   0    1.83636e-01 
	  1   0   1   0   0   0    -3.72748e-02 
	  1   1   0   0   0   0    2.19505e-02 
	  2   0   0   1   1   0    -1.06965e-02 
	  1   0   0   0   2   0    -9.85424e-03 
	  0   1   2   0   1   0    -6.12354e-01 
	  1   0   0   2   1   0    -3.28690e-03 
deltclav3
parameters 7
# exponents ... coefficient
	  0   0   0   0   0   0    1.58177e-01 
	  2   0   1   0   0   0    -3.26051e-02 
	  1   1   0   0   0   0    1.82604e-02 
	  1   0   0   1   1   0    -1.51497e-02 
	  0   0   0   2   2   0    -4.54638e-03 
	  0   1   2   0   0   0    -5.67922e-01 
	  1   0   0   0   2   0    -8.29269e-03 
deltclav4
parameters 8
# exponents ... coefficient
	  0   0   0   0   0   0    1.71542e-01 
	  1   0   1   0   0   0    -3.77225e-02 
	  2   1   0   0   0   0    1.95341e-02 
	  1   0   0   1   1   0    -1.71074e-02 
	  0   0   0   2   2   0    -6.34441e-03 
	  0   1   1   0   1   0    -9.33068e-02 
	  4   0   0   0   0   0    -1.72622e-03 
	  1   0   0   0   0   1    -1.26295e-03 
coracobr1
parameters 4
# exponents ... coefficient
	  0   0   0    1.65805e-01 
	  1   1   0    -2.00740e-02 
	  2   2   0    -3.43769e-03 
	  3   1   0    1.07583e-03 
coracobr2
parameters 11
# exponents ... coefficient
	  0   0   0    1.78989e-01 
	  1   1   0    -2.08482e-02 
	  2   2   0    -4.02288e-03 
	  0   0   1    9.02894e-04 
	  0   0   3    -9.45587e-05 
	  0   1   0    5.39086e-03 
	  1   0   1    8.93033e-04 
	  0   0   2    2.55872e-04 
	  1   0   2    -7.05364e-05 
	  3   1   0    1.06876e-03 
	  3   0   1    -5.59146e-05 
coracobr3
parameters 12
# exponents ... coefficient
	  0   0   0    1.94901e-01 
	  1   1   0    -2.59192e-02 
	  2   2   0    -2.93005e-03 
	  3   1   0    1.61379e-03 
	  0   0   1    6.47644e-04 
	  1   0   1    1.05684e-03 
	  1   0   3    -2.46654e-05 
	  0   0   3    -4.00942e-05 
	  0   0   2    4.12069e-04 
	  0   0   4    -2.15714e-05 
	  1   3   0    2.00643e-03 
	  3   0   1    -5.58004e-05 
infra1
parameters 9
# exponents ... coefficient
	  0   0   0    8.35737e-02 
	  0   1   1    3.12792e-03 
	  1   0   0    1.54026e-02 
	  0   0   1    1.22075e-02 
	  0   0   3    -9.50595e-04 
	  3   0   0    -1.04566e-03 
	  1   0   1    -5.04308e-03 
	  0   0   2    -1.86418e-03 
	  3   0   1    3.74471e-04 
infra2
parameters 13
# exponents ... coefficient
	  0   0   0    1.70290e-01 
	  0   1   1    6.54325e-03 
	  1   0   0    1.00413e-02 
	  1   0   1    -5.46352e-03 
	  0   1   3    -7.42608e-04 
	  0   0   1    7.18600e-03 
	  0   0   2    -3.76825e-03 
	  0   2   0    -5.70816e-03 
	  2   2   0    1.68843e-03 
	  3   0   1    4.28661e-04 
	  0   0   4    2.44161e-04 
	  3   0   0    -5.95694e-04 
	  0   0   3    -4.47070e-04 
infra3
parameters 10
# exponents ... coefficient
	  0   0   0    1.44630e-01 
	  0   1   1    6.19284e-03 
	  1   0   0    8.94702e-03 
	  0   0   1    7.78519e-03 
	  0   0   3    -4.59563e-04 
	  1   0   1    -2.84647e-03 
	  0   0   2    -1.34669e-03 
	  0   2   0    -5.94310e-03 
	  2   2   0    1.96375e-03 
	  0   1   3    -6.69150e-04 
infra4
parameters 9
# exponents ... coefficient
	  0   0   0    1.35492e-01 
	  0   1   1    6.66281e-03 
	  1   0   0    8.81997e-03 
	  0   1   3    -9.55020e-04 
	  1   0   1    -2.96198e-03 
	  0   0   1    6.21615e-03 
	  0   1   0    -1.04001e-02 
	  2   1   0    3.02369e-03 
	  2   0   2    -3.10898e-04 
infra5
parameters 11
# exponents ... coefficient
	  0   0   0    1.21227e-01 
	  0   1   1    3.27294e-03 
	  1   0   0    8.40276e-03 
	  1   0   1    -4.14363e-03 
	  0   1   3    -5.78926e-04 
	  0   0   1    8.10023e-03 
	  0   1   0    -1.23826e-02 
	  2   2   0    1.63822e-03 
	  2   0   2    -4.23933e-04 
	  2   1   0    1.97876e-03 
	  1   0   2    6.01485e-04 
infra6
parameters 10
# exponents ... coefficient
	  0   0   0    1.02974e-01 
	  1   0   0    1.18561e-02 
	  0   0   1    1.19025e-02 
	  1   0   1    -4.67882e-03 
	  0   0   3    -8.07048e-04 
	  1   0   3    2.06468e-04 
	  0   1   1    3.78365e-04 
	  0   1   0    -8.38706e-03 
	  2   2   0    2.52111e-03 
	  2   0   2    -2.66104e-04 
termin1
parameters 7
# exponents ... coefficient
	  0   0   0    9.10770e-02 
	  0   1   0    9.78365e-03 
	  1   0   0    1.72068e-02 
	  0   0   1    1.44129e-02 
	  0   0   3    -1.17327e-03 
	  3   0   0    -1.17211e-03 
	  0   1   1    1.67854e-03 
termin2
parameters 7
# exponents ... coefficient
	  0   0   0    1.06978e-01 
	  0   1   0    7.05208e-03 
	  1   0   0    1.75304e-02 
	  0   0   1    1.49131e-02 
	  0   0   3    -1.29100e-03 
	  3   0   0    -1.22656e-03 
	  0   1   1    2.50613e-03 
termin3
parameters 7
# exponents ... coefficient
	  0   0   0    6.78770e-02 
	  0   1   0    6.35250e-03 
	  1   0   0    1.97896e-02 
	  0   0   1    1.63450e-02 
	  0   0   3    -1.19542e-03 
	  3   0   0    -1.26712e-03 
	  1   2   0    -1.14383e-03 
termaj1
parameters 5
# exponents ... coefficient
	  0   0   0    9.24963e-02 
	  0   1   0    5.38057e-02 
	  0   0   1    -7.35878e-03 
	  2   1   0    -9.08344e-03 
	  0   0   3    5.02905e-04 
termaj2
parameters 5
# exponents ... coefficient
	  0   0   0    1.08425e-01 
	  0   1   0    6.70264e-02 
	  0   0   1    -6.19370e-03 
	  2   1   0    -1.13144e-02 
	  0   0   3    4.21183e-04 
termaj3
parameters 8
# exponents ... coefficient
	  0   0   0    1.04953e-01 
	  0   1   0    5.67365e-02 
	  0   1   1    -1.43743e-02 
	  2   1   0    -1.15904e-02 
	  0   1   3    4.84203e-04 
	  0   2   1    8.10047e-03 
	  1   1   0    1.99359e-02 
	  3   1   0    -3.70096e-03 
termaj4
parameters 7
# exponents ... coefficient
	  0   0   0    8.81167e-02 
	  0   1   0    4.07950e-02 
	  0   1   1    -6.21346e-03 
	  2   1   0    -7.58263e-03 
	  0   1   3    6.48162e-04 
	  0   0   1    -5.19340e-03 
	  2   0   1    9.73978e-04 
supra1
parameters 8
# exponents ... coefficient
	  0   0   0    8.59409e-02 
	  1   0   1    -3.94683e-03 
	  1   0   0    9.96658e-03 
	  0   0   1    1.02662e-02 
	  0   1   0    -1.14805e-02 
	  2   2   0    2.57282e-03 
	  2   0   2    -3.70929e-04 
	  0   0   3    -6.65849e-04 
supra2
parameters 8
# exponents ... coefficient
	  0   0   0    8.99019e-02 
	  1   0   1    -3.74108e-03 
	  1   0   0    1.09529e-02 
	  0   0   1    1.16422e-02 
	  0   0   3    -7.69421e-04 
	  0   1   0    -1.11460e-02 
	  2   2   0    2.74814e-03 
	  2   0   2    -3.45711e-04 
supra3
parameters 8
# exponents ... coefficient
	  0   0   0    1.15207e-01 
	  1   1   0    -8.23373e-03 
	  0   1   0    -1.32825e-02 
	  1   2   1    -2.42791e-03 
	  1   1   2    9.91817e-04 
	  1   0   1    -4.81922e-03 
	  3   0   1    4.16116e-04 
	  0   0   2    -1.12454e-03 
supra4
parameters 5
# exponents ... coefficient
	  0   0   0    9.62319e-02 
	  1   1   0    -7.39898e-03 
	  0   1   0    -1.42588e-02 
	  1   2   1    -3.37540e-03 
	  1   1   2    1.08538e-03 
subscap1
parameters 7
# exponents ... coefficient
	  0   0   0    7.73574e-02 
	  1   0   0    -1.96943e-02 
	  0   0   1    -1.56476e-02 
	  0   1   1    3.83298e-03 
	  0   0   3    1.14568e-03 
	  3   0   0    1.37451e-03 
	  0   2   2    -8.85998e-04 
subscap2
parameters 6
# exponents ... coefficient
	  0   0   0    1.02674e-01 
	  1   1   0    -4.10867e-03 
	  1   0   0    -1.38595e-02 
	  0   0   1    -9.91354e-03 
	  3   0   0    1.14763e-03 
	  0   0   3    8.06693e-04 
subscap3
parameters 7
# exponents ... coefficient
	  0   0   0    1.19208e-01 
	  1   0   0    -1.63660e-02 
	  0   0   1    -1.21852e-02 
	  0   0   3    8.95162e-04 
	  3   0   0    1.19853e-03 
	  0   1   0    -7.02878e-03 
	  1   1   0    -4.28960e-03 
subscap4
parameters 6
# exponents ... coefficient
	  0   0   0    1.21117e-01 
	  1   0   0    -1.93876e-02 
	  0   0   1    -1.55224e-02 
	  0   0   3    1.10907e-03 
	  3   0   0    1.26314e-03 
	  0   1   0    -6.67734e-03 
subscap5
parameters 6
# exponents ... coefficient
	  0   0   0    1.21602e-01 
	  1   0   0    -1.71171e-02 
	  0   0   1    -1.45083e-02 
	  0   1   0    -7.60219e-03 
	  0   0   3    1.02411e-03 
	  3   0   0    1.07020e-03 
subscap6
parameters 7
# exponents ... coefficient
	  0   0   0    1.43166e-01 
	  0   1   1    -2.69846e-03 
	  1   0   0    -1.71582e-02 
	  0   0   1    -1.56632e-02 
	  0   0   3    1.22178e-03 
	  3   0   0    9.93447e-04 
	  2   1   0    -1.35792e-03 
subscap7
parameters 7
# exponents ... coefficient
	  0   0   0    1.38409e-01 
	  0   1   1    -4.30681e-03 
	  1   0   0    -1.65776e-02 
	  0   0   1    -1.54952e-02 
	  0   0   3    1.29091e-03 
	  3   0   0    9.91992e-04 
	  2   1   0    -1.10218e-03 
subscap8
parameters 7
# exponents ... coefficient
	  0   0   0    9.67058e-02 
	  0   1   1    -3.58272e-03 
	  1   0   0    -1.72679e-02 
	  0   0   1    -1.58962e-02 
	  0   0   3    1.29318e-03 
	  3   0   0    1.03464e-03 
	  2   1   0    -1.19300e-03 
subscap9
parameters 10
# exponents ... coefficient
	  0   0   0    1.18058e-01 
	  0   1   1    -1.16127e-02 
	  1   0   0    -1.40219e-02 
	  0   0   1    -1.08192e-02 
	  0   0   3    8.20021e-04 
	  3   0   0    8.55750e-04 
	  2   0   0    -2.78143e-03 
	  4   0   0    2.53595e-04 
	  0   1   3    7.09369e-04 
	  0   2   1    2.32164e-03 
subscap10
parameters 8
# exponents ... coefficient
	  0   0   0    5.80431e-02 
	  0   1   1    -6.70574e-03 
	  0   1   0    1.30293e-02 
	  0   1   3    5.83332e-04 
	  2   1   0    -3.52575e-03 
	  1   0   0    -6.91132e-03 
	  0   0   1    -7.58779e-03 
	  0   0   3    5.11464e-04 
subscap11
parameters 11
# exponents ... coefficient
	  0   0   0    3.92779e-02 
	  0   1   1    -5.55480e-03 
	  0   1   0    1.77219e-02 
	  2   1   0    -4.70633e-03 
	  2   1   1    1.26212e-03 
	  0   2   1    2.86920e-03 
	  1   0   0    -7.03173e-03 
	  0   1   3    -7.26913e-05 
	  0   0   1    -7.41979e-03 
	  1   1   0    5.62241e-03 
	  0   0   3    5.33473e-04 
bicl
parameters 5
# exponents ... coefficient
	  0   0   0   0   0    3.71011e-01 
	  0   0   0   1   0    -2.91826e-02 
	  1   1   0   0   0    -1.42969e-02 
	  0   0   0   0   1    3.57395e-03 
	  3   1   0   0   0    1.29864e-03 
bicb1
parameters 1
# exponents ... coefficient
	  0   0   0   0   0    3.14097e-01 
triclong1
parameters 12
# exponents ... coefficient
	  0   0   0   0    2.90326e-01 
	  0   0   0   1    7.91830e-03 
	  0   1   0   0    3.43532e-02 
	  1   1   0   0    3.05861e-02 
	  2   1   0   0    -7.75876e-03 
	  3   1   0   0    -3.74948e-03 
	  0   0   1   0    1.73714e-03 
	  1   2   0   0    -8.42747e-03 
	  0   0   3   0    -1.18455e-04 
	  0   0   0   4    8.58583e-04 
	  0   0   0   2    1.73031e-02 
	  0   0   0   3    -7.32221e-03 
triclong2
parameters 8
# exponents ... coefficient
	  0   0   0   0    2.91688e-01 
	  0   0   0   1    1.19854e-02 
	  0   1   0   0    2.66704e-02 
	  2   1   0   0    -4.68347e-03 
	  0   0   1   0    1.62540e-03 
	  0   0   3   0    -1.11738e-04 
	  0   0   0   4    -3.93467e-04 
	  0   0   0   2    5.16758e-03 
triclong3
parameters 12
# exponents ... coefficient
	  0   0   0   0    2.94022e-01 
	  0   0   0   1    8.37265e-03 
	  0   1   0   0    2.53068e-02 
	  1   1   0   0    2.12322e-02 
	  2   1   0   0    -5.59462e-03 
	  3   1   0   0    -2.66586e-03 
	  0   0   1   0    1.30728e-03 
	  0   0   3   0    -8.92606e-05 
	  1   2   0   0    -5.88643e-03 
	  0   0   0   4    8.48144e-04 
	  0   0   0   2    1.69878e-02 
	  0   0   0   3    -7.21588e-03 
triclong4
parameters 8
# exponents ... coefficient
	  0   0   0   0    2.91688e-01 
	  0   0   0   1    1.19854e-02 
	  0   1   0   0    2.66704e-02 
	  2   1   0   0    -4.68347e-03 
	  0   0   1   0    1.62540e-03 
	  0   0   3   0    -1.11738e-04 
	  0   0   0   4    -3.93467e-04 
	  0   0   0   2    5.16758e-03 
latdorsi1
parameters 13
# exponents ... coefficient
	  0   0   0   0   0   0   0   0   0    2.49406e-01 
	  0   1   1   0   0   0   0   0   0    3.12963e-01 
	  1   0   0   2   1   0   0   0   0    -2.00225e-01 
	  1   0   0   0   0   0   0   0   0    9.91986e-02 
	  0   0   0   0   0   0   0   1   0    2.78537e-02 
	  0   0   0   0   0   0   2   1   0    -6.62144e-03 
	  0   0   0   1   0   0   1   0   0    -1.00890e-02 
	  0   0   0   0   0   0   0   0   1    -1.19180e-02 
	  0   2   2   0   0   0   0   0   0    -3.40185e-01 
	  0   0   0   3   0   1   0   0   0    3.73945e-02 
	  0   1   0   2   0   1   0   0   0    -1.25299e-01 
	  0   0   1   1   1   0   0   0   0    -1.74428e-01 
	  0   0   0   0   0   0   0   0   3    8.12215e-04 
latdorsi2
parameters 15
# exponents ... coefficient
	  0   0   0   0   0   0   0   0   0    2.89403e-01 
	  0   1   1   0   0   0   0   0   0    3.96121e-01 
	  2   0   0   1   1   0   0   0   0    -1.38590e-01 
	  1   0   0   0   0   0   0   0   0    1.16285e-01 
	  0   0   0   0   0   0   0   1   0    3.69041e-02 
	  0   0   0   2   1   0   0   0   0    1.23843e-01 
	  0   0   1   0   0   0   0   0   1    -1.23422e-02 
	  0   0   0   0   0   0   2   1   0    -6.90664e-03 
	  0   0   0   1   0   0   1   0   0    -9.45500e-03 
	  0   0   0   3   0   1   0   0   0    5.82905e-02 
	  0   1   0   2   0   1   0   0   0    -1.96682e-01 
	  0   2   2   0   0   0   0   0   0    -3.75996e-01 
	  0   0   0   0   1   0   1   1   0    -4.02531e-02 
	  0   0   1   0   0   0   0   0   3    1.86067e-03 
	  0   0   0   0   0   0   0   0   1    -6.20444e-03 
latdorsi3
parameters 15
# exponents ... coefficient
	  0   0   0   0   0   0   0   0   0    3.16440e-01 
	  0   1   1   0   0   0   0   0   0    4.05977e-01 
	  2   0   0   1   1   0   0   0   0    -1.19394e-01 
	  1   0   0   0   0   0   0   0   0    1.00496e-01 
	  0   0   0   0   0   0   0   1   0    3.88408e-02 
	  0   0   1   0   0   0   0   0   1    -1.32162e-02 
	  0   0   0   0   0   0   2   1   0    -6.79421e-03 
	  0   0   0   2   1   0   0   0   0    1.13900e-01 
	  0   0   0   1   0   0   1   0   0    -8.74069e-03 
	  0   0   0   3   0   1   0   0   0    6.20136e-02 
	  0   1   0   2   0   1   0   0   0    -2.07861e-01 
	  0   2   2   0   0   0   0   0   0    -3.70336e-01 
	  0   0   1   0   0   0   0   0   3    1.82070e-03 
	  0   0   0   0   1   0   1   1   0    -3.69313e-02 
	  0   0   0   0   0   0   0   0   1    -5.62566e-03 
latdorsi4
parameters 17
# exponents ... coefficient
	  0   0   0   0   0   0   0   0   0    3.32393e-01 
	  0   1   1   0   0   0   0   0   0    7.12262e-02 
	  2   0   0   1   1   0   0   0   0    -8.50910e-02 
	  1   0   0   0   0   0   0   0   0    7.82456e-02 
	  0   0   0   0   0   0   0   1   0    3.61654e-02 
	  0   0   1   0   0   0   0   0   1    -3.19586e-02 
	  0   0   0   3   0   1   0   0   0    3.31615e-02 
	  0   0   0   0   0   0   2   1   0    -6.98617e-03 
	  0   0   0   3   1   0   0   0   0    8.34509e-02 
	  0   2   0   0   0   1   0   0   0    -3.65805e-01 
	  0   0   1   0   0   0   2   0   1    2.98442e-03 
	  0   1   0   0   0   0   0   0   0    1.14598e-01 
	  0   0   2   1   0   0   0   0   1    1.46147e-02 
	  0   0   0   0   1   0   1   1   0    -3.30086e-02 
	  0   0   1   0   0   0   0   0   0    4.26108e-02 
	  0   1   0   1   0   0   1   0   0    -1.50010e-02 
	  0   0   1   0   0   0   0   0   3    1.14457e-03 
latdorsi5
parameters 15
# exponents ... coefficient
	  0   0   0   0   0   0   0   0   0    2.99285e-01 
	  0   1   1   0   0   0   0   0   0    2.63618e-01 
	  2   0   0   1   1   0   0   0   0    4.95314e-02 
	  0   0   0   0   0   0   0   1   0    3.68460e-02 
	  1   0   0   0   0   0   0   0   0    7.18150e-02 
	  0   0   1   0   0   0   0   0   1    -2.97023e-02 
	  0   0   0   0   0   0   2   1   0    -6.30629e-03 
	  1   1   0   0   0   0   0   0   0    -1.48511e-01 
	  0   0   1   0   0   0   2   0   1    3.83537e-03 
	  0   0   0   0   0   1   0   0   1    -5.21652e-03 
	  0   0   0   3   1   0   0   0   0    2.67884e-02 
	  0   0   0   3   0   1   0   0   0    2.63477e-02 
	  0   3   0   0   0   1   0   0   0    -9.65437e-01 
	  0   0   1   2   0   0   0   0   1    9.16092e-03 
	  0   2   1   1   0   0   0   0   0    -1.93921e-01 
latdorsi6
parameters 11
# exponents ... coefficient
	  2   0   0   1   1   0   0   0   0    2.49368e-01 
	  0   0   0   3   0   0   0   1   0    2.77666e-02 
	  0   0   1   2   0   0   0   0   1    -3.73849e-03 
	  1   0   0   0   0   0   0   0   0    5.15866e-02 
	  3   0   0   0   1   0   0   0   0    1.60682e-01 
	  0   0   1   0   0   0   0   0   3    1.82049e-03 
	  0   0   0   0   0   0   2   1   0    -3.64071e-03 
	  1   1   0   0   0   0   0   0   0    -1.35112e-01 
	  0   1   0   1   0   0   0   0   1    -3.03166e-02 
	  0   0   0   0   0   0   0   0   0    2.89884e-01 
	  0   0   0   1   1   0   0   2   0    -2.44909e-02 
pectmajt1
parameters 14
# exponents ... coefficient
	  0   0   0   0   0   0   0   0   0    1.60319e-01 
	  1   1   0   0   0   0   0   0   0    -2.25129e-01 
	  0   0   0   3   1   0   0   0   0    4.97878e-02 
	  0   0   1   0   0   0   0   1   0    9.83672e-02 
	  1   0   0   0   0   1   0   0   0    1.49864e-01 
	  0   0   0   1   0   0   1   1   0    -1.85336e-02 
	  0   1   1   0   0   0   0   0   1    -2.68781e-03 
	  0   0   1   0   0   0   2   1   0    -1.65445e-02 
	  0   0   0   0   0   1   0   1   0    7.24965e-02 
	  0   0   0   0   0   0   1   0   0    -1.31623e-02 
	  0   0   0   0   0   0   0   0   1    -1.35615e-02 
	  0   0   0   0   0   0   0   0   3    9.43200e-04 
	  1   1   1   0   0   0   0   1   0    1.13205e-01 
	  0   0   0   4   0   0   0   0   0    -2.82567e-03 
pectmajt2
parameters 14
# exponents ... coefficient
	  0   0   0   0   0   0   0   0   0    1.84755e-01 
	  1   1   0   0   0   0   0   0   0    -1.94254e-01 
	  0   0   0   3   1   0   0   0   0    5.14922e-02 
	  1   0   0   0   0   1   0   0   0    1.25240e-01 
	  0   0   1   0   0   0   0   1   0    9.31507e-02 
	  0   0   0   1   0   0   1   1   0    -2.28082e-02 
	  1   0   1   0   0   0   0   0   1    2.00846e-04 
	  0   0   1   0   0   0   2   1   0    -1.71092e-02 
	  0   0   0   0   0   0   0   0   1    -1.37798e-02 
	  1   1   1   0   0   0   0   1   0    1.03400e-01 
	  0   0   0   0   0   0   0   0   3    9.40658e-04 
	  0   0   0   0   0   0   1   0   0    -1.35154e-02 
	  0   0   0   0   0   2   0   0   0    1.95209e-01 
	  0   0   0   4   0   0   0   0   0    -3.35390e-03 
pectmajt3
parameters 10
# exponents ... coefficient
	  0   0   0   0   0   0   0   0   0    2.01093e-01 
	  1   1   0   0   0   0   0   0   0    -1.30968e-01 
	  0   0   0   3   1   0   0   0   0    5.47172e-02 
	  1   0   0   0   0   1   0   0   0    1.36693e-01 
	  0   0   1   0   0   0   0   1   0    3.75933e-02 
	  0   0   0   1   0   0   1   1   0    -2.84787e-02 
	  1   0   1   0   0   0   0   0   1    1.29529e-02 
	  0   0   0   1   0   0   2   1   0    -9.48441e-03 
	  0   0   0   0   0   2   0   0   0    2.21518e-01 
	  0   0   0   0   0   0   0   1   0    2.11987e-02 
pectmajt4
parameters 16
# exponents ... coefficient
	  0   0   0   0   0   0   0   0   0    1.83005e-01 
	  1   1   0   0   0   0   0   0   0    -1.55676e-01 
	  0   0   0   3   1   0   0   0   0    4.69728e-02 
	  1   0   0   0   0   1   0   0   0    2.56853e-02 
	  0   0   0   1   0   0   1   1   0    -2.78024e-02 
	  0   0   1   0   0   0   0   1   0    3.25845e-02 
	  1   1   1   0   0   0   0   0   1    -1.56109e-03 
	  0   0   0   1   0   0   2   1   0    -8.10919e-03 
	  0   0   0   0   0   2   0   0   0    3.54908e-01 
	  1   1   0   1   0   1   0   0   0    4.06485e-01 
	  0   0   0   0   0   0   0   0   1    -1.38856e-02 
	  0   0   0   1   0   0   0   0   3    8.96686e-04 
	  0   0   0   0   0   0   0   1   0    2.02876e-02 
	  0   0   0   0   0   0   1   0   0    -1.49081e-02 
	  0   0   1   0   0   0   1   2   0    1.23685e-02 
	  2   1   0   0   0   0   1   0   0    1.34145e-02 
pectmajt5
parameters 12
# exponents ... coefficient
	  0   0   0   0   0   0   0   0   0    1.95040e-01 
	  1   1   0   0   0   0   0   0   0    -1.08778e-01 
	  0   0   0   3   1   0   0   0   0    7.09855e-02 
	  0   0   0   0   0   1   0   0   0    -6.91017e-02 
	  0   0   0   1   0   0   1   1   0    -1.84417e-02 
	  0   0   1   0   1   0   0   0   0    -1.12287e-01 
	  2   2   0   0   0   0   0   0   0    -1.16952e-01 
	  0   0   0   0   0   0   0   0   1    -1.23012e-02 
	  1   0   1   0   1   0   1   0   0    3.48600e-02 
	  0   0   0   0   0   0   1   0   0    -1.41146e-02 
	  0   0   0   0   0   0   0   0   3    8.37807e-04 
	  0   0   0   1   0   0   2   0   0    -4.08529e-03 
pectmajt6
parameters 15
# exponents ... coefficient
	  0   0   0   0   0   0   0   0   0    1.86291e-01 
	  1   1   0   0   0   0   0   0   0    -6.82270e-02 
	  0   0   0   3   1   0   0   0   0    6.54068e-02 
	  0   0   0   0   0   1   0   0   0    -8.16462e-02 
	  0   0   0   1   0   0   1   1   0    -2.38154e-02 
	  0   0   1   0   1   0   0   0   0    -1.39386e-01 
	  3   1   0   0   0   0   0   0   0    3.27278e-02 
	  0   0   0   0   0   0   0   0   1    -1.12474e-02 
	  0   1   1   0   1   0   0   0   0    1.84882e-01 
	  0   0   0   1   0   0   2   1   0    -7.94433e-03 
	  0   0   0   0   0   0   0   0   3    7.58988e-04 
	  0   0   0   0   0   0   0   1   0    1.66599e-02 
	  0   0   0   0   0   0   1   0   0    -1.27669e-02 
	  2   0   1   0   0   1   0   0   0    3.71886e-02 
	  0   0   2   0   1   0   1   0   0    -2.23707e-02 
pectmajc1
parameters 12
# exponents ... coefficient
	  0   0   0   0   0   0    1.87731e-01 
	  2   0   1   0   0   0    -7.26116e-02 
	  1   1   0   0   0   0    3.17504e-02 
	  1   0   0   1   1   0    -3.07948e-02 
	  1   0   0   2   1   0    -1.72704e-03 
	  0   0   0   0   0   1    -7.83604e-03 
	  1   0   0   0   0   0    -1.82532e-02 
	  0   0   0   0   0   3    5.24166e-04 
	  0   1   2   0   0   0    -7.66617e-01 
	  0   0   0   1   0   0    -1.37738e-02 
	  0   0   0   2   2   0    -5.62014e-03 
	  1   0   0   3   0   0    1.23698e-03 
pectmajc2
parameters 15
# exponents ... coefficient
	  0   0   0   0   0   0    1.49353e-01 
	  2   0   1   0   0   0    -6.34485e-02 
	  2   1   0   0   0   0    -7.21312e-03 
	  1   0   0   1   1   0    -1.77167e-02 
	  1   0   0   2   1   0    -1.22151e-03 
	  1   0   0   0   0   0    -2.03827e-02 
	  0   0   0   0   0   1    -1.07970e-02 
	  0   0   0   1   0   0    -1.67979e-02 
	  0   0   0   0   0   3    5.84358e-04 
	  2   1   1   0   0   0    -4.01251e-02 
	  0   0   0   3   0   0    1.36248e-03 
	  0   0   0   2   2   0    -3.70479e-03 
	  2   0   2   0   0   0    5.91443e-02 
	  0   0   0   0   1   1    4.15038e-03 
	  0   1   0   0   0   0    3.34919e-02 
tricmed1
parameters 4
# exponents ... coefficient
	  0    1.48206e-01 
	  1    1.41085e-02 
	  4    -2.29311e-04 
	  2    2.05447e-03 
tricmed2
parameters 4
# exponents ... coefficient
	  0    1.71871e-01 
	  1    1.42739e-02 
	  4    -2.34083e-04 
	  2    2.08583e-03 
tricmed3
parameters 4
# exponents ... coefficient
	  0    5.75819e-02 
	  1    1.18666e-02 
	  4    -2.74454e-04 
	  2    3.43786e-03 
tricmed4
parameters 4
# exponents ... coefficient
	  0    9.56665e-02 
	  1    1.38246e-02 
	  4    -2.52903e-04 
	  2    2.58598e-03 
tricmed5
parameters 4
# exponents ... coefficient
	  0    1.38907e-01 
	  1    1.42540e-02 
	  4    -2.37543e-04 
	  2    2.16233e-03 
brachialis1
parameters 4
# exponents ... coefficient
	  0    1.88524e-01 
	  1    3.37301e-04 
	  2    -1.75806e-02 
	  4    9.52038e-04 
brachialis2
parameters 4
# exponents ... coefficient
	  0    1.80423e-01 
	  1    -9.37838e-04 
	  2    -1.63473e-02 
	  4    9.04814e-04 
brachialis3
parameters 4
# exponents ... coefficient
	  0    1.45583e-01 
	  1    -3.33170e-03 
	  2    -1.05094e-02 
	  4    5.90743e-04 
brachialis4
parameters 4
# exponents ... coefficient
	  0    1.42764e-01 
	  1    -2.51173e-04 
	  2    -1.60680e-02 
	  4    8.65705e-04 
brachialis5
parameters 4
# exponents ... coefficient
	  0    1.09853e-01 
	  1    -1.22738e-03 
	  2    -1.23470e-02 
	  4    6.06968e-04 
brachialis6
parameters 4
# exponents ... coefficient
	  0    9.72831e-02 
	  1    -2.30228e-03 
	  2    -1.05917e-02 
	  4    5.80432e-04 
brachialis7
parameters 3
# exponents ... coefficient
	  0    9.48717e-02 
	  2    -1.34575e-02 
	  4    6.22788e-04 
brachiorad1
parameters 8
# exponents ... coefficient
	  0   0    3.32303e-01 
	  1   0    -2.09092e-03 
	  0   4    -7.20635e-04 
	  0   1    -2.58944e-03 
	  0   3    4.35132e-03 
	  2   0    -3.69121e-02 
	  4   0    2.09005e-03 
	  0   2    -5.93166e-03 
brachiorad2
parameters 9
# exponents ... coefficient
	  0   0    3.14470e-01 
	  1   0    -9.27904e-03 
	  0   4    -5.60756e-04 
	  0   1    -2.05886e-03 
	  0   3    3.38706e-03 
	  2   0    -6.10054e-03 
	  4   0    3.98501e-03 
	  0   2    -4.60782e-03 
	  3   0    -1.38781e-02 
brachiorad3
parameters 9
# exponents ... coefficient
	  0   0    2.98828e-01 
	  1   0    -9.55959e-03 
	  0   4    -4.10307e-04 
	  0   1    -1.53989e-03 
	  0   3    2.48991e-03 
	  2   0    -1.40933e-03 
	  4   0    3.27912e-03 
	  0   2    -3.41148e-03 
	  3   0    -1.21822e-02 
pronteres1
parameters 8
# exponents ... coefficient
	  0   0    1.56469e-01 
	  1   1    -6.73931e-04 
	  1   0    -4.91023e-05 
	  0   1    -4.02500e-05 
	  0   2    -3.92339e-03 
	  0   4    1.99509e-04 
	  4   0    3.51880e-04 
	  2   0    -5.59158e-03 
pronteres2
parameters 2
# exponents ... coefficient
	  0    8.42086e-02 
	  1    -6.47438e-03 
supinator1
parameters 3
# exponents ... coefficient
	  0    2.22497e-02 
	  1    9.34290e-03 
	  3    -3.77327e-04 
supinator2
parameters 3
# exponents ... coefficient
	  0    1.99973e-02 
	  1    7.95604e-03 
	  4    -8.91792e-05 
supinator3
parameters 3
# exponents ... coefficient
	  0    1.89629e-02 
	  1    6.41861e-03 
	  4    -6.59346e-05 
supinator4
parameters 2
# exponents ... coefficient
	  0    1.95266e-02 
	  1    4.20615e-03 
supinator5
parameters 2
# exponents ... coefficient
	  0    1.99994e-02 
	  1    3.69294e-03 
pronquad1
parameters 2
# exponents ... coefficient
	  0    3.59000e-02 
	  1    -3.37328e-03 
pronquad2
parameters 3
# exponents ... coefficient
	  0    2.89844e-02 
	  1    -5.22706e-03 
	  4    8.81588e-05 
pronquad3
parameters 3
# exponents ... coefficient
	  0    2.73994e-02 
	  1    -5.81581e-03 
	  3    4.77245e-04 
triclat1
parameters 4
# exponents ... coefficient
	  0    2.25477e-01 
	  1    1.33703e-02 
	  4    -3.03799e-04 
	  2    3.42544e-03 
triclat2
parameters 4
# exponents ... coefficient
	  0    2.27680e-01 
	  1    1.39035e-02 
	  4    -2.90444e-04 
	  2    3.13328e-03 
triclat3
parameters 4
# exponents ... coefficient
	  0    2.32232e-01 
	  1    1.17668e-02 
	  4    -3.25499e-04 
	  2    4.31956e-03 
triclat4
parameters 4
# exponents ... coefficient
	  0    1.92465e-01 
	  1    1.16673e-02 
	  4    -3.27117e-04 
	  2    4.39916e-03 
triclat5
parameters 4
# exponents ... coefficient
	  0    1.88284e-01 
	  1    1.08513e-02 
	  4    -3.35874e-04 
	  2    4.69349e-03 
anconeus1
parameters 3
# exponents ... coefficient
	  0    1.69246e-02 
	  1    7.24802e-03 
	  4    -7.21204e-05 
anconeus2
parameters 4
# exponents ... coefficient
	  0    1.68791e-02 
	  1    2.72483e-03 
	  4    -2.53173e-04 
	  2    3.51592e-03 
anconeus3
parameters 3
# exponents ... coefficient
	  0    1.88716e-02 
	  1    6.93429e-03 
	  3    -2.64676e-04 
anconeus4
parameters 4
# exponents ... coefficient
	  0    4.74640e-02 
	  1    -9.55155e-04 
	  2    6.27854e-03 
	  3    -1.34468e-03 
anconeus5
parameters 2
# exponents ... coefficient
	  0    3.19056e-02 
	  1    6.44671e-03 
