time	sternoclavicular_r1	sternoclavicular_r2	sternoclavicular_r3	Acromioclavicular_r1	Acromioclavicular_r2	Acromioclavicular_r3	shoulder_plane	shoulder_ele	shoulder_rotation	elbow_flexion	pro_sup
0	-14.68646421	-5.74013577	0	0.651232232	5.83759674	11.65881767	-79.60021404	3.663516861	82.852574	8.889628478	18.57703727
0.02	-14.67680937	-5.746754471	0	0.629411017	5.809043934	11.69011117	-79.67629182	3.696082835	82.94719681	8.859265319	18.50659525
0.04	-14.67326207	-5.748665999	0	0.615450863	5.781179609	11.72381854	-79.73391054	3.756873293	83.01335051	8.831312915	18.44455511
0.06	-14.67585407	-5.745841474	0	0.609418724	5.754094999	11.75994193	-79.77267495	3.845481367	83.05059975	8.805949892	18.39065316
0.08	-14.68456238	-5.738262002	0	0.611343809	5.727860983	11.79848369	-79.79239587	3.961355373	83.05874003	8.7833275	18.34467161
0.1	-14.69933945	-5.725906619	0	0.621247123	5.702529204	11.83945374	-79.79307014	4.103920524	83.03777369	8.763563409	18.30648274
0.12	-14.72021651	-5.708699307	0	0.639227858	5.678136396	11.88291518	-79.7747365	4.272893685	82.98769919	8.746741805	18.27619382
0.14	-14.74687016	-5.68669841	0	0.665099625	5.654668735	11.92889342	-79.73802803	4.467108839	82.90945045	8.733080674	18.25334935
0.16	-14.77903532	-5.659932334	0	0.698709918	5.632110062	11.9773748	-79.68352541	4.68540477	82.80386884	8.72248032	18.23786251
0.18	-14.81659529	-5.628209863	0	0.740051165	5.610473065	12.02833546	-79.61187822	4.926920871	82.67167708	8.714516839	18.22989943
0.2	-14.85912047	-5.591774131	0	0.788800437	5.58974207	12.0817764	-79.52404482	5.190087173	82.51433528	8.709235155	18.22915247
0.22	-14.90636406	-5.550643622	0	0.844818712	5.569899945	12.13776046	-79.4209814	5.473889671	82.33313977	8.706500883	18.23540604
0.24	-14.9578593	-5.504953516	0	0.907750933	5.550937147	12.19619976	-79.30410128	5.776463957	82.13007511	8.70610245	18.24792152
0.26	-15.01330095	-5.454758693	0	0.977377211	5.532844879	12.25708826	-79.17472979	6.096463135	81.90691198	8.707837545	18.26616666
0.28	-15.07240925	-5.400063677	0	1.053542845	5.515579879	12.32048055	-79.0343046	6.432654374	81.6654651	8.711621493	18.28958009
0.3	-15.13491308	-5.34097336	0	1.135940766	5.49917214	12.38636945	-78.88411418	6.783710883	81.40764463	8.716999864	18.31774479
0.32	-15.20052168	-5.277582182	0	1.224277029	5.483610112	12.45480269	-78.7256746	7.148315478	81.1355517	8.723749907	18.35003996
0.34	-15.26897024	-5.209915152	0	1.318324707	5.468946701	12.52573753	-78.56091568	7.524972196	80.85164709	8.731648178	18.38580603
0.36	-15.3398426	-5.138274176	0	1.417594854	5.455138269	12.5991332	-78.39145753	7.912053093	80.5583132	8.740540749	18.42415984
0.38	-15.41282672	-5.062844601	0	1.521708264	5.442155405	12.67498668	-78.21910985	8.308193955	80.25802964	8.750261543	18.46433009
0.4	-15.48771196	-4.983664111	0	1.630413491	5.42990236	12.75349129	-78.04548156	8.712425748	79.95299766	8.760613251	18.50607232
0.42	-15.56419321	-4.90094057	0	1.743310543	5.418350745	12.83460723	-77.87239817	9.123369392	79.64567914	8.771451097	18.54893111
0.44	-15.64197921	-4.814923218	0	1.859985502	5.407479073	12.91821713	-77.70174739	9.539663314	79.33852532	8.782730875	18.59257924
0.46	-15.72085159	-4.725768865	0	1.980143049	5.397232152	13.00431421	-77.53517816	9.960274955	79.03363795	8.794433498	18.63695222
0.48	-15.80061694	-4.633625903	0	2.10351879	5.387556282	13.09288039	-77.37422731	10.38425709	78.73294148	8.806578389	18.68206958
0.5	-15.8812587	-4.538442272	0	2.230123479	5.378408384	13.1841964	-77.22027911	10.8112155	78.43813956	8.819336238	18.72838479
0.52	-15.96250508	-4.440486387	0	2.359587692	5.369741468	13.27800548	-77.07458868	11.23994719	78.15078312	8.832722712	18.77569397
0.54	-16.04412235	-4.339929471	0	2.491671664	5.361526404	13.3740876	-76.9381061	11.66949081	77.87200661	8.846688479	18.82391662
0.56	-16.12608	-4.236927164	0	2.626201434	5.353757836	13.47237914	-76.81171027	12.09949015	77.60295899	8.86152106	18.87285032
0.58	-16.20829721	-4.131602162	0	2.763051174	5.346437298	13.57276239	-76.69593883	12.52950378	77.34437331	8.877378056	18.92233866
0.6	-16.29081239	-4.023925501	0	2.902232581	5.339532416	13.67541841	-76.59089715	12.95962217	77.09656566	8.894465678	18.97243488
0.62	-16.37349656	-3.914153957	0	3.043550518	5.333128786	13.77991247	-76.49684166	13.38911614	76.85989906	8.912949581	19.02274103
0.64	-16.45632025	-3.802426498	0	3.186911355	5.327277711	13.88604994	-76.41362255	13.81772878	76.63434501	8.933016183	19.07308024
0.66	-16.53924667	-3.688846705	0	3.332330278	5.322088586	13.9936218	-76.34094374	14.24515017	76.41970402	8.954927988	19.12339515
0.68	-16.62230985	-3.57355677	0	3.479677097	5.317579627	14.10249751	-76.27826349	14.6714041	76.21559934	8.978837377	19.17335754
0.7	-16.70564592	-3.456561844	0	3.628910376	5.313720038	14.21286976	-76.22487472	15.09681137	76.02149287	9.004874477	19.22287394
0.72	-16.78918615	-3.33814795	0	3.779839745	5.31059388	14.32430562	-76.18055154	15.52096861	75.83727786	9.033102417	19.27148614
0.74	-16.87298767	-3.218459251	0	3.932384147	5.308247976	14.43668669	-76.14429439	15.94386502	75.66208985	9.063546698	19.31918841
0.76	-16.95712918	-3.097625977	0	4.086474356	5.30673201	14.54991915	-76.11510203	16.36550614	75.49509689	9.096193552	19.36594635
0.78	-17.04172168	-2.975740796	0	4.242056569	5.306098956	14.66399789	-76.09198408	16.78594493	75.33552237	9.131015705	19.41164409
0.8	-17.12692108	-2.852855066	0	4.399079186	5.306417194	14.77905317	-76.07395477	17.20526824	75.18266121	9.167989828	19.45606259
0.82	-17.21280071	-2.729198487	0	4.557415494	5.307716771	14.89479697	-76.06036778	17.62318293	75.03614719	9.207074584	19.49889271
0.84	-17.2994711	-2.604885129	0	4.716918488	5.310001902	15.01123805	-76.05047253	18.03968984	74.89542548	9.24814182	19.53986547
0.86	-17.38703874	-2.480018791	0	4.877423103	5.313258414	15.12843001	-76.04357983	18.45479431	74.75990512	9.291050833	19.57884257
0.88	-17.47564778	-2.354669553	0	5.038801764	5.317481183	15.24651253	-76.0389974	18.86843507	74.62899156	9.335749984	19.61578439
0.9	-17.56542232	-2.228921389	0	5.200905454	5.32265763	15.36560276	-76.03610771	19.28047471	74.50218972	9.382192808	19.6505638
0.92	-17.65638109	-2.102967015	0	5.363517947	5.328798204	15.48551383	-76.03434328	19.69077152	74.3791565	9.430327416	19.68291105
0.94	-17.74860147	-1.976886055	0	5.526485453	5.335826899	15.60629766	-76.03321696	20.09916926	74.25939935	9.480095219	19.71281287
0.96	-17.84214279	-1.850758634	0	5.689657058	5.34367477	15.72799349	-76.0322753	20.50550318	74.14242906	9.531434337	19.74029178
0.98	-17.93710132	-1.724658401	0	5.852889857	5.352309309	15.85071051	-76.0310046	20.90950449	74.02781918	9.584333455	19.76521067
1	-18.0335046	-1.598675624	0	6.016044731	5.361676987	15.97445182	-76.02899587	21.31094651	73.91515347	9.638716622	19.78755984
1.02	-18.13132683	-1.472889961	0	6.179025419	5.371700921	16.09914587	-76.02588514	21.70972649	73.80391586	9.694467108	19.80763976
1.04	-18.23059251	-1.34736251	0	6.341764932	5.382338852	16.22480018	-76.02118238	22.10565908	73.69361871	9.751520077	19.82566041
1.06	-18.33132413	-1.222143813	0	6.504216438	5.39354844	16.35142538	-76.01447689	22.49854262	73.58391948	9.809803701	19.84176422
1.08	-18.433588	-1.097211159	0	6.66637459	5.405261055	16.479211	-76.00552335	22.88798162	73.47450418	9.869178465	19.85589275
1.1	-18.53732783	-0.972646628	0	6.828205506	5.417443814	16.60801502	-75.99417994	23.27385367	73.3652037	9.929487683	19.86793339
1.12	-18.64250882	-0.848494934	0	6.989696979	5.430052638	16.7377462	-75.98038293	23.65603864	73.25584654	9.99057983	19.87785455
1.14	-18.74910539	-0.724812888	0	7.150810234	5.443068168	16.86835131	-75.96411713	24.03433136	73.14636085	10.05231805	19.885477
1.16	-18.85707896	-0.601634506	0	7.311535154	5.456470355	16.99979473	-75.94548843	24.40857301	73.03673368	10.11456568	19.8907956
1.18	-18.9665018	-0.478898341	0	7.471998741	5.470283015	17.1322304	-75.9249205	24.77844369	72.92747039	10.17728171	19.89414272
1.2	-19.0772696	-0.356627636	0	7.632224646	5.484464084	17.26549748	-75.90254919	25.144004	72.81822001	10.24029937	19.89609031
1.22	-19.1893239	-0.234816225	0	7.792263574	5.499003975	17.39951422	-75.87848195	25.50525437	72.70872722	10.30349679	19.89729592
1.24	-19.3026304	-0.113442449	0	7.952186725	5.513915741	17.53422987	-75.85281711	25.86217117	72.5988302	10.36678338	19.89841802
1.26	-19.41715718	0.007523606	0	8.112080355	5.529222957	17.66959084	-75.82567138	26.21476242	72.48842449	10.43008762	19.90008236
1.28	-19.53298155	0.128114331	0	8.272083907	5.545055971	17.8056335	-75.79730057	26.56287825	72.37776172	10.49344091	19.90282515
1.3	-19.64999701	0.248354525	0	8.432271978	5.561396177	17.94218861	-75.76755364	26.90676406	72.26634735	10.55673069	19.90711054
1.32	-19.76818062	0.368286023	0	8.592765883	5.578295188	18.07920281	-75.7364085	27.24650614	72.15400477	10.61992666	19.91323187
1.34	-19.88748181	0.487975326	0	8.75366905	5.595745801	18.21665353	-75.70408512	27.5823027	72.04083803	10.68301995	19.92122922
1.36	-20.00789265	0.607479863	0	8.915111028	5.613791537	18.35450324	-75.67064759	27.91428215	71.92690744	10.74600181	19.93110543
1.38	-20.12951135	0.726851007	0	9.077287777	5.632579114	18.49274631	-75.63623941	28.24251598	71.81249334	10.80893987	19.94297767
1.4	-20.25222679	0.846169331	0	9.240302321	5.652041423	18.63128137	-75.60072472	28.56733413	71.69745575	10.87169549	19.95660805
1.42	-20.3760432	0.965503304	0	9.404313085	5.672216948	18.77008095	-75.56413338	28.88889447	71.58199598	10.93422737	19.97185169
1.44	-20.50101506	1.084988064	0	9.569587427	5.693160879	18.90914713	-75.52636753	29.20727508	71.46622016	10.99647461	19.9885333
1.46	-20.62711355	1.20459809	0	9.736213455	5.714976874	19.04838475	-75.48754345	29.52285209	71.35054284	11.05846015	20.00634034
1.48	-20.75441761	1.324344631	0	9.904414664	5.737848487	19.18773877	-75.44772479	29.83593362	71.2353781	11.12023394	20.02511894
1.5	-20.88284808	1.444344362	0	10.07429163	5.761665866	19.32718361	-75.40694765	30.14666495	71.12099545	11.18166529	20.04447676
1.52	-21.01240698	1.564625206	0	10.24598124	5.786493394	19.46668727	-75.36527732	30.45524856	71.00779359	11.24272386	20.06409639
1.54	-21.14308369	1.685192973	0	10.41959453	5.812394174	19.60622263	-75.32279769	30.76188999	70.89619485	11.30337315	20.08362582
1.56	-21.27493866	1.806067471	0	10.59532179	5.839499891	19.74579634	-75.27959072	31.0667516	70.78657626	11.36359733	20.10281511
1.58	-21.40796516	1.927232551	0	10.77327351	5.867894184	19.88540278	-75.23575374	31.37004693	70.67932141	11.42335374	20.12138493
1.6	-21.54197125	2.048579497	0	10.95329747	5.897502264	20.02499067	-75.19140688	31.6720614	70.57492712	11.48253066	20.13875738
1.62	-21.67688797	2.170028121	0	11.13538363	5.928366915	20.16455084	-75.14663348	31.97303304	70.47379103	11.54107373	20.15453285
1.64	-21.81264912	2.291466589	0	11.31953021	5.960557723	20.30407857	-75.10149406	32.27326767	70.37628206	11.59894891	20.16838462
1.66	-21.94926881	2.412890277	0	11.50572959	5.994096986	20.44358785	-75.05609139	32.57284141	70.28241382	11.65620126	20.18062856
1.68	-22.08665647	2.534237527	0	11.69391421	6.028974962	20.5830626	-75.01045075	32.87198282	70.19223077	11.7128182	20.19145464
1.7	-22.22468265	2.655476079	0	11.88401511	6.065197261	20.72248553	-74.96453573	33.17094767	70.10563056	11.76868631	20.20120918
1.72	-22.36325883	2.776475977	0	12.07584396	6.102726949	20.86184179	-74.91842324	33.46995763	70.02270382	11.82394015	20.21020508
1.74	-22.50232167	2.897165183	0	12.26930121	6.141570417	21.00112309	-74.87213884	33.76923388	69.94338898	11.87866518	20.21878684
1.76	-22.64191568	3.017529646	0	12.46445515	6.181796013	21.14032046	-74.82573162	34.06898639	69.86758331	11.9330738	20.22748739
1.78	-22.78195893	3.137505794	0	12.66116558	6.223399849	21.27940195	-74.779186	34.36942047	69.79519052	11.98724252	20.2367055
1.8	-22.92238142	3.25700898	0	12.85931465	6.266371524	21.41838402	-74.73251021	34.67078839	69.72608871	12.04128264	20.24685958
1.82	-23.06315043	3.376048528	0	13.0587973	6.310726136	21.55722119	-74.68574907	34.97324505	69.66003897	12.09532512	20.25821107
1.84	-23.20423571	3.494585638	0	13.25953083	6.356478407	21.69589008	-74.63894594	35.27695295	69.59691783	12.14952396	20.27088269
1.86	-23.34572968	3.612684749	0	13.46164688	6.403631607	21.83436374	-74.59218149	35.58191169	69.53651907	12.20421095	20.28508219
1.88	-23.48753884	3.730302665	0	13.66494034	6.452142762	21.97261806	-74.54546017	35.88820182	69.47861542	12.25940951	20.30062298
1.9	-23.62963463	3.847439662	0	13.86934287	6.502001202	22.11062707	-74.49881634	36.19585621	69.42301084	12.31519268	20.31720381
1.92	-23.77199322	3.964110412	0	14.07482521	6.553194368	22.24836253	-74.45230757	36.50486196	69.36953382	12.37163854	20.33447031
1.94	-23.91458063	4.08033695	0	14.28135767	6.605696275	22.38579527	-74.4059918	36.81516131	69.31801648	12.42881244	20.35208761
1.96	-24.05738688	4.196170567	0	14.48903827	6.659526427	22.52283781	-74.36005465	37.12659445	69.26838654	12.48694214	20.36978686
1.98	-24.20031864	4.311625738	0	14.69768424	6.714568282	22.65948935	-74.31445562	37.43901419	69.22034789	12.54587994	20.38741685
2	-24.34332213	4.426726338	0	14.90726806	6.770774685	22.79571657	-74.26927347	37.75224633	69.17372252	12.60563854	20.40496679
2.02	-24.48634524	4.541492346	0	15.1177707	6.828097576	22.93148594	-74.22460009	38.0660932	69.12837434	12.66620211	20.42237167
2.04	-24.62935096	4.655955026	0	15.32920635	6.886491484	23.06674698	-74.18054202	38.38030912	69.08416753	12.72757162	20.43957675
2.06	-24.77232388	4.770183381	0	15.54167144	6.945923002	23.20137784	-74.13723999	38.69452211	69.04091314	12.78982879	20.45656435
2.08	-24.91512568	4.884088193	0	15.75502331	7.006339778	23.335373	-74.094825	39.00870875	68.99887183	12.85268443	20.47298301
2.1	-25.05771082	4.9976855	0	15.96927478	7.067680545	23.46868352	-74.05340743	39.3226202	68.95812849	12.91604673	20.48853746
2.12	-25.19997364	5.110990996	0	16.18434973	7.129787529	23.60129064	-74.01305513	39.63576898	68.9187478	12.97986265	20.50289984
2.14	-25.34190536	5.224008764	0	16.40032345	7.192691115	23.73307798	-73.97380302	39.94800232	68.88068327	13.04411261	20.51593088
2.16	-25.48343742	5.336737299	0	16.61717113	7.256338368	23.86394737	-73.93574573	40.25898938	68.84390894	13.10874941	20.52745262
2.18	-25.6245085	5.449113276	0	16.8347461	7.320663133	23.99396481	-73.89886068	40.56866243	68.80854629	13.17359948	20.53729868
2.2	-25.76508972	5.561111581	0	17.05299201	7.385645864	24.12311254	-73.86315714	40.87682993	68.77462881	13.2385821	20.54526832
2.22	-25.90516704	5.672679143	0	17.27188631	7.451333266	24.25136926	-73.82874482	41.18338645	68.74233667	13.30357973	20.55099843
2.24	-26.04471547	5.783824342	0	17.49134802	7.51770727	24.37868602	-73.79545951	41.48799498	68.71142115	13.36856425	20.55448515
2.26	-26.18374169	5.894513368	0	17.71129929	7.584818755	24.50506311	-73.76323909	41.79050584	68.68181115	13.43342468	20.55562913
2.28	-26.32224787	6.004690364	0	17.93147149	7.652591601	24.63069978	-73.73199626	42.09066021	68.65340306	13.49807777	20.55430214
2.3	-26.46033026	6.114344541	0	18.15185859	7.721156663	24.75561765	-73.70161775	42.38859839	68.62591546	13.56249436	20.55085587
2.32	-26.59805678	6.223463081	0	18.37240684	7.790599964	24.87986154	-73.67200064	42.68434002	68.59903179	13.62665597	20.54569071
2.34	-26.73547358	6.332025711	0	18.59315858	7.861102922	25.00335471	-73.64311291	42.97779329	68.57242477	13.6905199	20.53925206
2.36	-26.87264083	6.440010158	0	18.81399528	7.932718051	25.1262003	-73.61478501	43.26902091	68.54565694	13.75410468	20.53211812
2.38	-27.00964034	6.54741334	0	19.03478901	8.005458116	25.2485472	-73.5868359	43.55813962	68.51827764	13.81745348	20.52485294
2.4	-27.14656084	6.654235106	0	19.25551282	8.079414598	25.37045117	-73.55914116	43.84523697	68.48987311	13.8805862	20.51800039
2.42	-27.28350366	6.760479111	0	19.4761564	8.154687549	25.49196034	-73.53158043	44.13042655	68.4600313	13.94352518	20.51213046
2.44	-27.42052489	6.866126223	0	19.69667857	8.231417673	25.61306723	-73.50405718	44.4135485	68.42829612	14.00617938	20.507997
2.46	-27.55777314	6.971189595	0	19.91711459	8.309729746	25.73384144	-73.47645551	44.69503222	68.39441818	14.06864943	20.50599537
2.48	-27.69539283	7.07566403	0	20.13755313	8.389833004	25.85427231	-73.44869953	44.97519793	68.35821536	14.1310435	20.50638119
2.5	-27.83342312	7.179557108	0	20.35790897	8.471740366	25.97440312	-73.42073223	45.25422519	68.31970016	14.19332998	20.50931066
2.52	-27.97194374	7.282879033	0	20.5781761	8.55553243	26.09427848	-73.39252027	45.53226975	68.27896321	14.2554989	20.51464359
2.54	-28.11098091	7.385566359	0	20.79839166	8.641469734	26.21368647	-73.36406674	45.80958018	68.2363131	14.31738133	20.5220976
2.56	-28.25064644	7.487640689	0	21.01849681	8.729527921	26.33282122	-73.33535437	46.08639178	68.19202881	14.3790396	20.53135975
2.58	-28.39100667	7.589098057	0	21.23848114	8.819787104	26.4517025	-73.30640412	46.36291435	68.1465084	14.44042232	20.54219843
2.6	-28.5321731	7.689924557	0	21.45829649	8.912378204	26.57042927	-73.27720215	46.63919936	68.10003343	14.50151002	20.55449603
2.62	-28.67415918	7.790100315	0	21.67792432	9.007380223	26.68890597	-73.24780781	46.91554168	68.05319344	14.56220972	20.56787517
2.64	-28.81694307	7.889522013	0	21.89734276	9.105033329	26.80680073	-73.21829736	47.19238401	68.00664577	14.6223183	20.58182579
2.66	-28.96054713	7.988224149	0	22.1164254	9.205190272	26.92431496	-73.18870371	47.46977165	67.96074905	14.68193456	20.5959214
2.68	-29.10494961	8.086160429	0	22.3350643	9.307878442	27.04139384	-73.15908065	47.74785702	67.91589168	14.74104328	20.60978768
2.7	-29.25011901	8.183280096	0	22.55314612	9.413115045	27.15797138	-73.1294868	48.02678521	67.87240079	14.79964393	20.62312017
2.72	-29.39602407	8.279508291	0	22.77056113	9.520967065	27.27390876	-73.09998694	48.30673731	67.83055559	14.85771526	20.63571014
2.74	-29.54264531	8.374711108	0	22.98719213	9.631603101	27.38893832	-73.07065634	48.58799318	67.79058933	14.9152009	20.64754354
2.76	-29.68998918	8.468953668	0	23.2029319	9.744813551	27.50328563	-73.04149131	48.87051464	67.75254943	14.97217657	20.65849043
2.78	-29.83801783	8.562203657	0	23.41774511	9.860596918	27.61680103	-73.01255936	49.15445844	67.71643228	15.02864666	20.66883789
2.8	-29.986673	8.654430719	0	23.63162789	9.978935318	27.72929865	-72.98393896	49.44000462	67.68214092	15.08461423	20.67906075
2.82	-30.13592831	8.745570952	0	23.8445736	10.09988753	27.84056635	-72.95567735	49.72742128	67.64956926	15.14003078	20.68953855
2.84	-30.28576212	8.835569465	0	24.05663623	10.22353177	27.9503457	-72.92783969	50.01704051	67.61858783	15.19479678	20.70056563
2.86	-30.43614069	8.92448399	0	24.26778056	10.34966754	28.0587008	-72.90042132	50.30869632	67.58882226	15.2490383	20.71251563
2.88	-30.58705308	9.012363609	0	24.47814492	10.47823337	28.16553601	-72.87341883	50.60256908	67.55999566	15.30267661	20.72547955
2.9	-30.73849017	9.099266871	0	24.68789212	10.60916448	28.27074844	-72.8468306	50.89882029	67.53179801	15.35566249	20.73969194
2.92	-30.890497	9.185209648	0	24.89721051	10.74252153	28.37414618	-72.82065209	51.19774018	67.50395512	15.40787731	20.75532264
2.94	-31.0430833	9.270279487	0	25.10632494	10.87822853	28.47563421	-72.79489987	51.49946165	67.47613809	15.45928345	20.77259738
2.96	-31.19619303	9.354610466	0	25.31544092	11.01605873	28.5752306	-72.76960397	51.80394428	67.4480439	15.50994492	20.79175311
2.98	-31.34980401	9.438282996	0	25.52476429	11.15590404	28.67287014	-72.7447992	52.1112882	67.41950512	15.55985487	20.81286697
3	-31.50388972	9.521383614	0	25.7345071	11.29765289	28.76849145	-72.72053707	52.42158787	67.3904208	15.60901632	20.83595345
3.02	-31.65849424	9.604020848	0	25.94502301	11.44134815	28.86193766	-72.69686517	52.73516936	67.36082334	15.65725541	20.86089885
3.04	-31.81357488	9.686337528	0	26.15652674	11.58681345	28.95325269	-72.67383765	53.05201607	67.33067703	15.70462624	20.88778557
3.06	-31.96907483	9.76847051	0	26.3692115	11.73386709	29.042488	-72.65150466	53.37210903	67.2999742	15.75119001	20.9166533
3.08	-32.1249702	9.850541359	0	26.58329259	11.88243584	29.1296145	-72.62992505	53.69556988	67.26874652	15.79694919	20.94747322
3.1	-32.28123721	9.932671761	0	26.79898103	12.03245976	29.21459872	-72.60914317	54.02253395	67.23706679	15.84190882	20.98025651
3.12	-32.43795067	10.014953	0	27.01657715	12.18406218	29.29725373	-72.58916462	54.35331697	67.20509162	15.88601322	21.01493713
3.14	-32.59504449	10.09752061	0	27.23618931	12.33706632	29.37772462	-72.56997355	54.68783869	67.17297709	15.92937204	21.05137412
3.16	-32.75247253	10.18045363	0	27.45790109	12.49139715	29.45606657	-72.55153941	55.02614298	67.14090881	15.97205297	21.08934369
3.18	-32.91019041	10.26380781	0	27.68178179	12.64701687	29.53229883	-72.53381423	55.36829745	67.10906373	16.01412515	21.12859423
3.2	-33.0681499	10.34762804	0	27.90787248	12.80388198	29.60645611	-72.51672283	55.71433121	67.07759529	16.05569732	21.16901086
3.22	-33.22637034	10.4318964	0	28.13618486	12.96214831	29.6784444	-72.50016524	56.06453669	67.04668118	16.0969226	21.21039517
3.24	-33.38469531	10.51659657	0	28.36653685	13.12163355	29.74841979	-72.4840356	56.41882512	67.01645305	16.13797042	21.25269519
3.26	-33.54302371	10.60168332	0	28.59877698	13.28230879	29.81639725	-72.4681989	56.77728885	66.98706015	16.1789871	21.29554183
3.28	-33.7012954	10.68709704	0	28.83269915	13.44410709	29.8824816	-72.45245502	57.13980362	66.95851165	16.2201416	21.33857802
3.3	-33.85943399	10.77278153	0	29.06811932	13.60700869	29.9466966	-72.43663183	57.50636476	66.93078906	16.26159244	21.38154664
3.32	-34.01739718	10.85869398	0	29.30490243	13.77108132	30.00898228	-72.4205555	57.87705388	66.90379128	16.30358586	21.42423868
3.34	-34.17505742	10.94477802	0	29.54279947	13.93617137	30.0694517	-72.40406212	58.25167919	66.87754911	16.34615043	21.46652992
3.36	-34.33234652	11.03099853	0	29.78166263	14.10225028	30.12809717	-72.3869966	58.63016193	66.85199605	16.38938776	21.50836546
3.38	-34.48922276	11.11732224	0	30.02136139	14.26933095	30.18486513	-72.36922073	59.01248123	66.82710179	16.43339343	21.54983925
3.4	-34.64561449	11.20374822	0	30.26182355	14.43736995	30.23972863	-72.35059035	59.39848607	66.80258886	16.47828248	21.59151458
3.42	-34.8014442	11.29026264	0	30.50298679	14.60637925	30.2925932	-72.33097564	59.78815273	66.77815295	16.52417801	21.63409263
3.44	-34.95676106	11.37690244	0	30.74487008	14.77625615	30.34360144	-72.31030538	60.18104619	66.75365539	16.57097332	21.67824023
3.46	-35.1116004	11.46371055	0	30.98755374	14.94698745	30.39276166	-72.28852131	60.57691794	66.72892802	16.61865273	21.72455489
3.48	-35.26603134	11.5507515	0	31.23116954	15.11856621	30.44009306	-72.26558697	60.9754848	66.70390306	16.6671729	21.77342957
3.5	-35.42015769	11.63808186	0	31.47585089	15.29106211	30.4855921	-72.24148907	61.37650734	66.67860564	16.71655124	21.82514449
3.52	-35.57409903	11.72577229	0	31.72176456	15.46451957	30.52929673	-72.21623358	61.77966408	66.6531727	16.76675152	21.87982524
3.54	-35.72797541	11.81394833	0	31.96915923	15.63882868	30.57132898	-72.18980698	62.18444007	66.62787542	16.81757433	21.93738419
3.56	-35.88189464	11.90266481	0	32.21820184	15.81398657	30.61174546	-72.16223926	62.59053912	66.6031004	16.86887474	21.99751991
3.58	-36.03592915	11.99195116	0	32.46902545	15.98997245	30.6505939	-72.13354758	62.99774828	66.57927596	16.9204869	22.05987608
3.6	-36.19024372	12.0818244	0	32.72171205	16.16688366	30.68796199	-72.10379633	63.40576406	66.55692129	16.97231503	22.12419802
3.62	-36.34494119	12.17228631	0	32.97632325	16.34471164	30.72394928	-72.07301626	63.81427006	66.53666461	17.02418002	22.19027289
3.64	-36.50016509	12.26332281	0	33.23285481	16.52343195	30.75874738	-72.04123344	64.22267995	66.51930675	17.07589024	22.2575933
3.66	-36.65595876	12.35487577	0	33.49125771	16.70303067	30.79242059	-72.00846584	64.63086982	66.50530847	17.12735662	22.32605667
3.68	-36.81236816	12.44685111	0	33.75140382	16.8835248	30.82505993	-71.97472578	65.03861654	66.49515235	17.17852172	22.39567175
3.7	-36.96939611	12.53909614	0	34.01309999	17.06502684	30.85671091	-71.94002248	65.44584679	66.48921967	17.22940614	22.46670914
3.72	-37.12704817	12.63148732	0	34.2761339	17.24748437	30.88752586	-71.90435715	65.85223574	66.4878465	17.28000062	22.53928663
3.74	-37.28528636	12.72385823	0	34.54025419	17.43084066	30.91764611	-71.86769271	66.25756676	66.49132958	17.33032503	22.61326124
3.76	-37.44406059	12.81603631	0	34.80512418	17.61512571	30.94715728	-71.83008499	66.66148234	66.49999019	17.3804537	22.68817361
3.78	-37.60326845	12.90784172	0	35.07042778	17.80032155	30.9761138	-71.79154533	67.06382525	66.51401805	17.43050304	22.76362368
3.8	-37.76275566	12.99908345	0	35.33587862	17.98646027	31.00453742	-71.75208666	67.46462077	66.53343342	17.48074095	22.83930297
3.82	-37.92242082	13.08962754	0	35.60119106	18.17342059	31.03247973	-71.71172125	67.86363313	66.55818128	17.53136455	22.91478409
3.84	-38.08213553	13.1793126	0	35.86608409	18.36114641	31.05995255	-71.67046816	68.26073734	66.58809557	17.58264315	22.98973679
3.86	-38.24177216	13.26797351	0	36.13030505	18.54960189	31.08695671	-71.62835564	68.65583747	66.62291845	17.63488768	23.06383471
3.88	-38.40121357	13.35545954	0	36.39364194	18.73875093	31.11348552	-71.58541859	69.04884407	66.66226547	17.68845584	23.13696251
