simulation
nRows=100
nColumns=15
endheader
time  TH_x TH_y TH_z SC_y  SC_z  SC_x  AC_y  AC_z  AC_x  GH_y  GH_z  GH_yy  EL_x  PS_y
0.000000  0.000000  0.000000  0.000000  -30.813392  -0.339563  -1.601442  53.302576  7.223330  -5.215991  42.446688  -0.496460  -14.445645  22.668474  122.008067
0.031313  0.000000  0.000000  0.000000  -30.821578  -0.410264  -1.545830  53.255084  7.285336  -5.316401  42.459058  -0.693701  -14.365526  22.758091  122.037272
0.062626  0.000000  0.000000  0.000000  -30.813221  -0.487892  -1.500465  53.170634  7.327472  -5.392006  42.507639  -0.827774  -14.311133  22.774083  122.043410
0.093939  0.000000  0.000000  0.000000  -30.797152  -0.569499  -1.432339  53.066521  7.324525  -5.468230  42.562620  -0.872850  -14.284615  22.727262  122.034656
0.125253  0.000000  0.000000  0.000000  -30.782201  -0.652135  -1.387669  52.953942  7.314657  -5.522557  42.594193  -0.803100  -14.288119  22.628440  122.019190
0.156566  0.000000  0.000000  0.000000  -30.777199  -0.732851  -1.361041  52.848074  7.294665  -5.563600  42.572550  -0.592694  -14.323794  22.488427  122.005188
0.187879  0.000000  0.000000  0.000000  -30.790978  -0.808697  -1.359101  52.763167  7.270969  -5.592622  42.467881  -0.215805  -14.393789  22.318036  122.000828
0.219192  0.000000  0.000000  0.000000  -30.832347  -0.876729  -1.374696  52.714509  7.239021  -5.619281  42.250474  0.353326  -14.500279  22.128073  122.014235
0.250505  0.000000  0.000000  0.000000  -30.904412  -0.935125  -1.404496  52.706775  7.203539  -5.649178  41.920008  1.118714  -14.654172  21.927595  122.037270
0.281818  0.000000  0.000000  0.000000  -30.996509  -0.984775  -1.441048  52.720094  7.180947  -5.686247  41.547057  2.031937  -14.887429  21.721444  122.022576
0.313131  0.000000  0.000000  0.000000  -31.095938  -1.026969  -1.479691  52.730728  7.192121  -5.732134  41.212666  3.036826  -15.235122  21.513843  121.917000
0.344444  0.000000  0.000000  0.000000  -31.190553  -1.063179  -1.516647  52.717820  7.255493  -5.783976  40.972678  4.081307  -15.713587  21.311130  121.688931
0.375758  0.000000  0.000000  0.000000  -31.272854  -1.096394  -1.545334  52.685836  7.360553  -5.806994  40.669792  5.147957  -16.180686  21.137587  121.488957
0.407071  0.000000  0.000000  0.000000  -31.337677  -1.130371  -1.557959  52.652015  7.482418  -5.750288  40.039534  6.236769  -16.414600  21.026514  121.559278
0.438384  0.000000  0.000000  0.000000  -31.379913  -1.168769  -1.545799  52.633757  7.595573  -5.564281  38.820494  7.348090  -16.195920  21.010745  122.138667
0.469697  0.000000  0.000000  0.000000  -31.396332  -1.209487  -1.504878  52.641848  7.686861  -5.241444  36.965882  8.494210  -15.472031  21.093610  123.237892
0.501010  0.000000  0.000000  0.000000  -31.386530  -1.241773  -1.435533  52.677249  7.759378  -4.839050  34.751518  9.705380  -14.441051  21.234087  124.524977
0.532323  0.000000  0.000000  0.000000  -31.350339  -1.254163  -1.340043  52.740002  7.818758  -4.418663  32.479833  11.013330  -13.321773  21.387492  125.639675
0.563636  0.000000  0.000000  0.000000  -31.289910  -1.236422  -1.219195  52.828361  7.872028  -4.035810  30.422985  12.440522  -12.315792  21.514822  126.291700
0.594949  0.000000  0.000000  0.000000  -31.218829  -1.184380  -1.070491  52.931201  7.936766  -3.714416  28.704114  13.963769  -11.540030  21.605008  126.535111
0.626263  0.000000  0.000000  0.000000  -31.154191  -1.095728  -0.891112  53.034376  8.034514  -3.468474  27.400587  15.545870  -11.085400  21.655567  126.529739
0.657576  0.000000  0.000000  0.000000  -31.112444  -0.968519  -0.678670  53.124713  8.185980  -3.311297  26.582739  17.151675  -11.036574  21.664387  126.432179
0.688889  0.000000  0.000000  0.000000  -31.096278  -0.808459  -0.431672  53.213635  8.383155  -3.241524  26.171766  18.789755  -11.345782  21.637209  126.329701
0.720202  0.000000  0.000000  0.000000  -31.095226  -0.628569  -0.148301  53.336521  8.589354  -3.244202  25.946288  20.510480  -11.838638  21.587287  126.243302
0.751515  0.000000  0.000000  0.000000  -31.098297  -0.442160  0.173061  53.530033  8.766593  -3.303367  25.679276  22.365864  -12.335733  21.528167  126.191316
0.782828  0.000000  0.000000  0.000000  -31.097477  -0.259813  0.535445  53.814478  8.892120  -3.404688  25.220372  24.375339  -12.713090  21.468124  126.182329
0.814141  0.000000  0.000000  0.000000  -31.093506  -0.084069  0.943236  54.161110  8.991739  -3.538602  24.644731  26.462483  -13.009783  21.399916  126.196251
0.845455  0.000000  0.000000  0.000000  -31.088723  0.083997  1.402156  54.532388  9.099729  -3.697569  24.068765  28.533342  -13.294718  21.313465  126.207745
0.876768  0.000000  0.000000  0.000000  -31.085194  0.243310  1.916048  54.893456  9.249069  -3.874013  23.599412  30.499977  -13.630793  21.199415  126.193658
0.908081  0.000000  0.000000  0.000000  -31.082009  0.392758  2.485257  55.237301  9.437976  -4.061177  23.242143  32.338876  -14.016571  21.056169  126.154228
0.939394  0.000000  0.000000  0.000000  -31.076456  0.531207  3.105179  55.573146  9.645596  -4.250784  22.940882  34.065608  -14.411589  20.886837  126.103875
0.970707  0.000000  0.000000  0.000000  -31.065834  0.657543  3.769114  55.909639  9.852610  -4.433506  22.639308  35.696180  -14.775425  20.694565  126.056975
1.002020  0.000000  0.000000  0.000000  -31.050802  0.772587  4.470209  56.238456  10.056723  -4.617978  22.339930  37.236159  -15.123473  20.479663  126.004441
1.033333  0.000000  0.000000  0.000000  -31.038097  0.880657  5.204105  56.522129  10.284159  -4.846967  22.151718  38.672218  -15.572128  20.237304  125.894732
1.064646  0.000000  0.000000  0.000000  -31.035098  0.986441  5.968740  56.722030  10.562653  -5.168452  22.194852  39.989038  -16.248421  19.962126  125.671837
1.095960  0.000000  0.000000  0.000000  -31.047984  1.094640  6.765067  56.813077  10.911823  -5.617170  22.551972  41.177963  -17.239248  19.652705  125.297956
1.127273  0.000000  0.000000  0.000000  -31.075651  1.210037  7.594556  56.835116  11.312511  -6.128597  23.077569  42.270810  -18.387574  19.331594  124.845987
1.158586  0.000000  0.000000  0.000000  -31.114253  1.337450  8.459347  56.847730  11.729224  -6.598458  23.540409  43.314605  -19.444716  19.030349  124.430419
1.189899  0.000000  0.000000  0.000000  -31.160269  1.481530  9.360820  56.903061  12.126033  -6.921073  23.715187  44.355083  -20.168027  18.779839  124.162983
1.221212  0.000000  0.000000  0.000000  -31.219844  1.642105  10.298362  57.008261  12.489301  -7.071648  23.557386  45.398804  -20.499240  18.590007  124.071315
1.252525  0.000000  0.000000  0.000000  -31.310192  1.813475  11.267924  57.125434  12.833406  -7.120960  23.229408  46.407489  -20.591126  18.446841  124.086788
1.283838  0.000000  0.000000  0.000000  -31.449133  1.989638  12.260611  57.217081  13.178605  -7.143811  22.904996  47.340401  -20.608017  18.335020  124.135502
1.315152  0.000000  0.000000  0.000000  -31.644977  2.164396  13.265201  57.258801  13.543268  -7.198773  22.711260  48.170169  -20.675776  18.242027  124.159162
1.346465  0.000000  0.000000  0.000000  -31.871742  2.330840  14.271347  57.262898  13.929819  -7.286171  22.607090  48.917634  -20.781487  18.165469  124.155771
1.377778  0.000000  0.000000  0.000000  -32.095714  2.481899  15.271523  57.245628  14.334279  -7.392537  22.513459  49.614505  -20.880950  18.105237  124.136022
1.409091  0.000000  0.000000  0.000000  -32.285365  2.611887  16.261446  57.216192  14.748504  -7.502860  22.357927  50.290187  -20.933946  18.060944  124.110926
1.440404  0.000000  0.000000  0.000000  -32.439330  2.734199  17.238659  57.140583  15.151966  -7.587575  22.159014  50.942290  -20.955172  18.028399  124.095905
1.471717  0.000000  0.000000  0.000000  -32.578238  2.876140  18.199748  56.961403  15.518652  -7.610047  22.001540  51.545252  -20.999362  18.000633  124.109597
1.503030  0.000000  0.000000  0.000000  -32.723154  3.065213  19.136191  56.642805  15.834675  -7.549121  21.971536  52.073062  -21.121967  17.970640  124.170624
1.534343  0.000000  0.000000  0.000000  -32.883945  3.306320  20.028813  56.242558  16.116184  -7.447207  22.098350  52.514957  -21.341502  17.935943  124.280971
1.565657  0.000000  0.000000  0.000000  -33.045954  3.554898  20.846376  55.913466  16.392138  -7.395903  22.287272  52.893548  -21.595653  17.903985  124.406210
1.596970  0.000000  0.000000  0.000000  -33.191283  3.759839  21.558802  55.724555  16.658705  -7.418074  22.427176  53.235864  -21.811411  17.883520  124.507092
1.628283  0.000000  0.000000  0.000000  -33.305380  3.877216  22.153306  55.642193  16.882357  -7.476075  22.423975  53.563230  -21.925231  17.882072  124.549720
1.659596  0.000000  0.000000  0.000000  -33.398991  3.917377  22.635754  55.594014  17.058014  -7.517895  22.312354  53.853887  -21.945097  17.897879  124.540635
1.690909  0.000000  0.000000  0.000000  -33.494417  3.915472  23.023494  55.547444  17.199920  -7.522193  22.185835  54.066387  -21.911677  17.924933  124.504856
1.722222  0.000000  0.000000  0.000000  -33.613593  3.906426  23.335644  55.488511  17.322884  -7.480443  22.137013  54.159867  -21.865343  17.957236  124.467245
1.753535  0.000000  0.000000  0.000000  -33.759542  3.909688  23.583799  55.419154  17.410804  -7.404696  22.204175  54.123607  -21.825925  17.990148  124.441491
1.784848  0.000000  0.000000  0.000000  -33.909345  3.923474  23.765557  55.364458  17.408293  -7.334092  22.351109  53.988240  -21.785072  18.020900  124.425959
1.816162  0.000000  0.000000  0.000000  -34.038204  3.944463  23.865191  55.348155  17.266932  -7.301730  22.536206  53.787396  -21.732394  18.046854  124.417905
1.847475  0.000000  0.000000  0.000000  -34.125743  3.966226  23.865554  55.389116  16.957711  -7.329979  22.722538  53.545651  -21.667402  18.065655  124.413383
1.878788  0.000000  0.000000  0.000000  -34.171195  3.968566  23.759544  55.494719  16.526737  -7.408872  22.893963  53.247419  -21.633546  18.076197  124.403116
1.910101  0.000000  0.000000  0.000000  -34.179228  3.927466  23.553130  55.671585  16.032612  -7.525797  23.040096  52.865980  -21.686453  18.077719  124.376350
1.941414  0.000000  0.000000  0.000000  -34.154410  3.820165  23.259330  55.926100  15.525714  -7.671978  23.151478  52.375461  -21.877900  18.069899  124.323503
1.972727  0.000000  0.000000  0.000000  -34.099431  3.646839  22.887207  56.241909  15.016518  -7.839246  23.235491  51.765471  -22.189369  18.060420  124.256354
2.004040  0.000000  0.000000  0.000000  -34.015347  3.427697  22.433938  56.582274  14.488000  -8.016292  23.314233  51.039146  -22.540933  18.063959  124.205342
2.035354  0.000000  0.000000  0.000000  -33.903160  3.183618  21.888591  56.909567  13.929171  -8.188714  23.410282  50.200088  -22.850647  18.095418  124.201513
2.066667  0.000000  0.000000  0.000000  -33.766668  2.930571  21.240296  57.197185  13.341671  -8.341907  23.537985  49.259693  -23.063596  18.163764  124.261295
2.097980  0.000000  0.000000  0.000000  -33.617103  2.671467  20.485801  57.446557  12.753377  -8.461450  23.689777  48.250095  -23.196818  18.262172  124.362229
2.129293  0.000000  0.000000  0.000000  -33.466922  2.407066  19.629663  57.664531  12.190885  -8.536271  23.854487  47.206841  -23.279186  18.381215  124.475455
2.160606  0.000000  0.000000  0.000000  -33.327531  2.137673  18.685733  57.858177  11.671286  -8.561381  24.021272  46.161985  -23.337545  18.511616  124.574902
2.191919  0.000000  0.000000  0.000000  -33.200369  1.859229  17.673314  58.029106  11.192095  -8.547692  24.182393  45.114429  -23.379434  18.645502  124.660971
2.223232  0.000000  0.000000  0.000000  -33.081368  1.565268  16.609599  58.175087  10.744206  -8.511908  24.331827  44.044754  -23.401730  18.775771  124.748698
2.254545  0.000000  0.000000  0.000000  -32.966433  1.249384  15.507587  58.292995  10.321849  -8.468035  24.463641  42.933574  -23.401196  18.895374  124.853144
2.285859  0.000000  0.000000  0.000000  -32.853761  0.911464  14.378527  58.381228  9.925224  -8.422696  24.577105  41.777534  -23.374610  19.000172  124.980542
2.317172  0.000000  0.000000  0.000000  -32.745330  0.561766  13.234785  58.441363  9.561169  -8.372812  24.680072  40.599717  -23.318767  19.090824  125.122563
2.348485  0.000000  0.000000  0.000000  -32.643468  0.211515  12.091955  58.475247  9.234457  -8.315870  24.781192  39.425673  -23.230468  19.168440  125.269518
2.379798  0.000000  0.000000  0.000000  -32.550045  -0.128846  10.967313  58.484460  8.945216  -8.251093  24.888457  38.273600  -23.107147  19.234345  125.413392
2.411111  0.000000  0.000000  0.000000  -32.464406  -0.453159  9.875389  58.469767  8.678473  -8.181729  25.006246  37.121513  -22.949713  19.291058  125.555320
2.442424  0.000000  0.000000  0.000000  -32.385045  -0.756721  8.824949  58.431351  8.418236  -8.109895  25.137710  35.933767  -22.760257  19.341501  125.699543
2.473737  0.000000  0.000000  0.000000  -32.310354  -1.035045  7.817913  58.368747  8.155024  -8.033964  25.285864  34.675452  -22.540978  19.388540  125.850195
2.505051  0.000000  0.000000  0.000000  -32.236299  -1.288998  6.854066  58.276033  7.897904  -7.946508  25.450411  33.330318  -22.296802  19.433617  126.008588
2.536364  0.000000  0.000000  0.000000  -32.156307  -1.525047  5.933959  58.141606  7.672643  -7.835296  25.627583  31.901629  -22.035509  19.476679  126.173081
2.567677  0.000000  0.000000  0.000000  -32.063685  -1.749921  5.061648  57.953639  7.502585  -7.689197  25.813452  30.393569  -21.765010  19.517606  126.341898
2.598990  0.000000  0.000000  0.000000  -31.953486  -1.965696  4.241558  57.706021  7.400250  -7.500473  26.008070  28.809268  -21.492562  19.556486  126.512148
2.630303  0.000000  0.000000  0.000000  -31.826449  -2.159302  3.477384  57.411974  7.345541  -7.273303  26.224445  27.148415  -21.223289  19.594084  126.677327
2.661616  0.000000  0.000000  0.000000  -31.684468  -2.314588  2.767929  57.088672  7.316094  -7.012459  26.478219  25.410001  -20.961883  19.631305  126.830197
2.692929  0.000000  0.000000  0.000000  -31.529930  -2.416895  2.109983  56.753385  7.292525  -6.723203  26.783552  23.595597  -20.712630  19.669143  126.963680
2.724242  0.000000  0.000000  0.000000  -31.371210  -2.469604  1.496946  56.421270  7.269205  -6.418819  27.136653  21.738011  -20.474909  19.709675  127.072642
2.755556  0.000000  0.000000  0.000000  -31.220667  -2.488098  0.924480  56.106170  7.246012  -6.120554  27.521783  19.890836  -20.244836  19.755703  127.153243
2.786869  0.000000  0.000000  0.000000  -31.090672  -2.487934  0.387646  55.821680  7.223886  -5.849940  27.923050  18.107806  -20.018442  19.810075  127.201674
2.818182  0.000000  0.000000  0.000000  -30.985517  -2.478540  -0.114595  55.573425  7.205052  -5.619824  28.332435  16.411735  -19.788403  19.880368  127.215285
2.849495  0.000000  0.000000  0.000000  -30.893426  -2.457164  -0.581763  55.350896  7.198736  -5.421205  28.757579  14.763939  -19.540719  19.983563  127.193730
2.880808  0.000000  0.000000  0.000000  -30.800726  -2.419615  -1.006474  55.142120  7.209152  -5.245876  29.207978  13.118465  -19.260602  20.137753  127.136933
2.912121  0.000000  0.000000  0.000000  -30.695468  -2.362645  -1.380473  54.936050  7.238324  -5.087352  29.691979  11.437077  -18.934373  20.358485  127.045275
2.943434  0.000000  0.000000  0.000000  -30.577364  -2.289405  -1.692245  54.727952  7.277161  -4.951687  30.210168  9.733772  -18.555855  20.644094  126.922216
2.974747  0.000000  0.000000  0.000000  -30.450969  -2.205700  -1.933104  54.515475  7.315485  -4.847861  30.759912  8.044210  -18.121983  20.985775  126.772497
3.006061  0.000000  0.000000  0.000000  -30.320847  -2.117341  -2.096926  54.296156  7.345266  -4.783481  31.338569  6.404120  -17.629704  21.374698  126.600861
3.037374  0.000000  0.000000  0.000000  -30.191568  -2.030141  -2.187705  54.066841  7.366744  -4.760283  31.943496  4.849231  -17.075962  21.802037  126.412051
3.068687  0.000000  0.000000  0.000000  -30.067698  -1.949913  -2.223895  53.823311  7.391841  -4.771405  32.572050  3.415270  -16.457703  22.258961  126.210810
3.100000  0.000000  0.000000  0.000000  -29.953805  -1.882469  -2.285039  53.556607  7.481487  -4.773210  33.221589  2.137967  -15.771873  22.736645  126.001883
