trapscap4
parameters 9
# exponents ... coefficient
	  0   0   1   2   0   0    1.05877e-02 
	  2   1   0   0   0   0    5.84790e-02 
	  0   0   0   0   0   0    1.39438e-01 
	  0   1   0   0   0   1    3.56708e-02 
	  1   0   0   0   1   0    -3.87052e-02 
	  1   0   0   0   0   0    1.32826e-01 
	  0   2   0   0   0   0    -1.89368e-01 
	  0   0   0   1   0   0    4.48821e-02 
	  1   0   1   0   0   0    -4.33991e-02 
trapscap10
parameters 10
# exponents ... coefficient
	  0   1   0   1   0   0    9.69350e-02 
	  0   0   0   0   1   0    -6.52851e-02 
	  1   0   1   1   0   0    2.13805e-01 
	  0   0   0   1   0   1    2.72046e-03 
	  0   0   0   0   0   0    1.98646e-01 
	  0   1   0   3   0   0    3.37879e-02 
	  2   0   2   0   0   0    6.78637e-02 
	  1   0   1   2   0   0    -6.49134e-02 
	  1   0   0   0   0   0    1.19305e-01 
	  2   0   0   0   0   0    7.95535e-02 
trapclav1
parameters 5
# exponents ... coefficient
	  0   0   0    2.05934e-01 
	  1   1   0    -6.59617e-02 
	  0   3   1    3.83264e-01 
	  1   0   0    9.17774e-02 
	  0   2   0    -3.85366e-01 
levscap1
parameters 11
# exponents ... coefficient
	  0   0   0   1   0   0    8.04548e-02 
	  0   1   0   3   0   0    -2.11251e-02 
	  1   0   1   0   0   0    5.04819e-02 
	  1   0   0   0   1   0    -2.81688e-01 
	  0   0   1   0   0   0    1.18726e-01 
	  0   0   0   0   0   2    1.73261e-02 
	  0   0   0   0   0   1    -2.15121e-03 
	  2   0   0   0   0   0    2.94717e-02 
	  2   0   0   1   1   0    -2.22254e-01 
	  0   0   0   0   0   0    1.03341e-01 
	  0   1   0   0   0   0    -8.84742e-02 
pectmin2
parameters 10
# exponents ... coefficient
	  0   0   0   0   0   0    1.19985e-01 
	  1   1   0   0   0   0    -1.86132e-01 
	  1   0   0   2   1   0    5.98173e-03 
	  0   0   0   0   0   1    5.58513e-02 
	  0   2   1   0   0   0    -3.60396e-03 
	  1   0   0   1   0   0    -3.14451e-02 
	  2   0   0   2   0   0    7.83234e-03 
	  0   0   1   2   0   0    -7.44233e-03 
	  2   1   0   1   0   0    -1.22651e-01 
	  0   0   0   1   1   0    -1.37929e-02 
rhomboid3
parameters 8
# exponents ... coefficient
	  0   0   1   1   0   0    8.00789e-02 
	  0   0   0   0   0   0    6.85975e-02 
	  1   1   0   0   0   0    2.16025e-01 
	  0   0   0   1   0   1    -4.21115e-02 
	  0   0   0   0   1   0    9.43307e-02 
	  0   0   0   1   0   0    9.82998e-02 
	  1   0   0   3   0   0    2.75589e-02 
	  2   1   0   0   0   0    1.13487e-01 
serrant2
parameters 8
# exponents ... coefficient
	  1   0   0   1   0   0    -1.14992e-01 
	  0   1   0   0   1   0    -8.26392e-01 
	  0   0   0   2   0   1    -5.33745e-02 
	  1   0   1   1   0   0    5.05615e-02 
	  0   0   0   0   0   0    1.59220e-01 
	  2   1   0   1   0   0    1.28094e-01 
	  0   0   1   0   0   0    -1.24483e-01 
	  1   2   0   0   1   0    -1.51948e+00 
serrant5
parameters 9
# exponents ... coefficient
	  1   0   0   1   0   0    -1.47064e-01 
	  0   0   0   3   0   1    6.55770e-02 
	  0   0   0   0   1   0    -8.75127e-02 
	  1   0   1   1   0   0    3.67918e-02 
	  0   1   0   2   0   0    -1.17261e-02 
	  0   0   0   0   0   0    1.37695e-01 
	  0   0   1   0   0   0    -8.39906e-02 
	  0   2   0   0   1   1    -8.82596e-01 
	  0   0   0   2   0   1    -1.26328e-01 
serrant8
parameters 8
# exponents ... coefficient
	  1   0   0   1   0   0    -1.22419e-01 
	  1   1   1   1   0   0    1.44962e-01 
	  0   0   0   0   0   1    -1.17587e-02 
	  0   0   0   0   0   0    7.34720e-02 
	  0   2   1   0   1   0    -3.76980e-01 
	  0   1   0   0   0   0    -2.74771e-02 
	  1   3   0   0   0   0    -1.77527e-01 
	  0   0   1   1   0   0    9.63886e-03 
deltscap3
parameters 8
# exponents ... coefficient
	  0   0   0    1.35815e-01 
	  1   1   0    3.68693e-02 
	  3   1   0    -4.02769e-03 
	  0   0   1    3.94881e-03 
	  0   0   3    -2.70092e-04 
	  2   2   0    -4.15289e-03 
	  1   2   0    -5.70274e-03 
	  1   0   0    3.10707e-03 
deltscap10
parameters 6
# exponents ... coefficient
	  0   0   0    1.41402e-01 
	  0   1   0    -2.65002e-02 
	  2   1   0    3.90759e-03 
	  1   1   0    7.78236e-03 
	  0   0   1    1.51390e-03 
	  0   0   3    -1.05775e-04 
deltclav2
parameters 10
# exponents ... coefficient
	  0   0   0   0   0   0    1.95061e-01 
	  3   0   1   0   0   0    -5.27726e-02 
	  2   0   0   1   1   0    -1.37984e-02 
	  1   1   0   2   0   0    3.82912e-03 
	  1   0   0   0   2   0    -6.07827e-03 
	  0   1   3   0   0   0    -3.58986e+00 
	  1   0   0   0   0   0    -1.60054e-02 
	  0   0   0   2   2   0    -4.36463e-03 
	  3   0   0   0   0   1    -1.15248e-03 
	  0   0   2   1   0   1    -4.58472e-02 
coracobr2
parameters 11
# exponents ... coefficient
	  0   0   0    1.78989e-01 
	  1   1   0    -2.08482e-02 
	  2   2   0    -4.02288e-03 
	  0   0   1    9.02894e-04 
	  0   0   3    -9.45587e-05 
	  0   1   0    5.39086e-03 
	  1   0   1    8.93033e-04 
	  0   0   2    2.55872e-04 
	  1   0   2    -7.05364e-05 
	  3   1   0    1.06876e-03 
	  3   0   1    -5.59146e-05 
infra4
parameters 9
# exponents ... coefficient
	  0   0   0    1.35492e-01 
	  0   1   1    6.66281e-03 
	  1   0   0    8.81997e-03 
	  0   1   3    -9.55020e-04 
	  1   0   1    -2.96198e-03 
	  0   0   1    6.21615e-03 
	  0   1   0    -1.04001e-02 
	  2   1   0    3.02369e-03 
	  2   0   2    -3.10898e-04 
termin2
parameters 7
# exponents ... coefficient
	  0   0   0    1.06978e-01 
	  0   1   0    7.05208e-03 
	  1   0   0    1.75304e-02 
	  0   0   1    1.49131e-02 
	  0   0   3    -1.29100e-03 
	  3   0   0    -1.22656e-03 
	  0   1   1    2.50613e-03 
termaj3
parameters 8
# exponents ... coefficient
	  0   0   0    1.04953e-01 
	  0   1   0    5.67365e-02 
	  0   1   1    -1.43743e-02 
	  2   1   0    -1.15904e-02 
	  0   1   3    4.84203e-04 
	  0   2   1    8.10047e-03 
	  1   1   0    1.99359e-02 
	  3   1   0    -3.70096e-03 
supra3
parameters 8
# exponents ... coefficient
	  0   0   0    1.15207e-01 
	  1   1   0    -8.23373e-03 
	  0   1   0    -1.32825e-02 
	  1   2   1    -2.42791e-03 
	  1   1   2    9.91817e-04 
	  1   0   1    -4.81922e-03 
	  3   0   1    4.16116e-04 
	  0   0   2    -1.12454e-03 
subscap6
parameters 7
# exponents ... coefficient
	  0   0   0    1.43166e-01 
	  0   1   1    -2.69846e-03 
	  1   0   0    -1.71582e-02 
	  0   0   1    -1.56632e-02 
	  0   0   3    1.22178e-03 
	  3   0   0    9.93447e-04 
	  2   1   0    -1.35792e-03 
bicl
parameters 5
# exponents ... coefficient
	  0   0   0   0   0    3.71011e-01 
	  0   0   0   1   0    -2.91826e-02 
	  1   1   0   0   0    -1.42969e-02 
	  0   0   0   0   1    3.57395e-03 
	  3   1   0   0   0    1.29864e-03 
bicb1
parameters 1
# exponents ... coefficient
	  0   0   0   0   0    3.14097e-01 
triclong2
parameters 7
# exponents ... coefficient
	  0   0   0   0    2.91001e-01 
	  0   0   0   1    1.88438e-02 
	  0   1   0   0    2.99933e-02 
	  2   1   0   0    -7.48999e-03 
	  0   0   1   0    1.65021e-03 
	  1   0   0   0    4.54990e-03 
	  3   0   0   0    -5.22993e-04 
latdorsi2
parameters 15
# exponents ... coefficient
	  0   0   0   0   0   0   0   0   0    2.53443e-01 
	  0   1   1   0   0   0   0   0   0    -5.00841e-02 
	  1   0   0   1   0   0   0   0   0    1.16214e-01 
	  0   0   0   0   1   0   0   0   0    5.91471e-02 
	  0   0   0   0   0   0   0   0   1    -1.19916e-02 
	  0   1   0   1   0   0   0   1   0    3.43001e-02 
	  0   0   0   0   0   0   2   1   0    -1.16025e-02 
	  0   2   1   0   0   0   0   1   0    -2.56297e-01 
	  0   0   0   1   0   1   0   0   0    1.94421e-02 
	  0   0   0   1   0   0   1   0   0    -1.20198e-02 
	  1   0   0   0   0   0   0   1   0    -5.86813e-02 
	  0   0   2   0   0   1   1   0   0    3.45511e-02 
	  0   1   0   1   0   0   0   0   0    9.95333e-02 
	  0   0   1   0   0   0   0   0   0    6.20348e-02 
	  0   3   1   0   0   0   0   0   0    6.63170e-01 
latdorsi4
parameters 14
# exponents ... coefficient
	  0   0   0   0   0   0   0   0   0    3.26160e-01 
	  0   1   1   0   0   0   0   0   0    2.11648e-01 
	  1   0   0   1   0   0   0   0   0    7.21853e-02 
	  0   0   0   1   1   0   0   0   0    4.51431e-02 
	  0   0   0   0   0   0   0   0   1    -1.34232e-02 
	  0   1   0   0   0   0   0   1   0    1.32437e-01 
	  0   0   0   0   0   0   2   1   0    -8.51654e-03 
	  0   0   0   3   0   1   0   0   0    6.39627e-02 
	  0   2   1   0   0   0   0   1   0    -3.61449e-01 
	  0   0   0   1   0   0   1   0   0    -8.96993e-03 
	  0   1   0   2   0   1   0   0   0    -1.78118e-01 
	  1   1   0   0   0   0   0   0   0    -9.89109e-02 
	  0   0   0   1   0   0   0   2   0    1.08473e-02 
	  0   0   0   1   0   0   0   0   3    3.56681e-04 
pectmajt3
parameters 19
# exponents ... coefficient
	  0   0   0   0   0   0   0   0   0    1.94187e-01 
	  1   1   0   0   0   0   0   0   0    -1.70012e-01 
	  0   0   0   3   1   0   0   0   0    4.94894e-02 
	  0   0   0   0   0   0   0   0   1    -1.54097e-02 
	  1   0   0   0   0   1   0   0   0    1.39035e-01 
	  0   0   0   1   0   0   1   1   0    -4.50005e-02 
	  0   0   1   0   0   1   0   1   0    1.34811e-01 
	  0   0   0   4   0   0   0   0   0    -7.39456e-03 
	  0   0   0   0   0   0   3   1   0    4.38362e-03 
	  0   1   1   0   0   0   1   1   0    -6.21225e-03 
	  0   0   1   0   0   0   0   1   0    8.42054e-02 
	  0   0   0   0   0   0   1   0   0    -1.60035e-02 
	  0   0   1   0   0   0   2   1   0    -1.54585e-02 
	  0   1   2   0   0   0   0   1   0    -1.19130e-01 
	  2   1   0   0   0   0   1   0   0    1.19008e-02 
	  0   0   0   0   0   1   1   2   0    1.69099e-02 
	  0   0   0   2   1   0   0   1   0    -2.20833e-02 
	  1   0   1   2   0   0   0   0   0    9.69058e-03 
	  0   0   0   1   0   0   1   2   0    9.27446e-03 
pectmajt5
parameters 22
# exponents ... coefficient
	  0   0   0   0   0   0   0   0   0    1.88750e-01 
	  1   1   0   0   0   0   0   0   0    -5.29288e-02 
	  0   1   0   2   0   1   0   0   0    -1.78636e-02 
	  0   0   0   3   1   0   0   0   0    2.23126e-03 
	  0   0   0   0   0   0   0   0   1    -1.62903e-02 
	  0   0   0   1   0   0   1   1   0    -6.27678e-02 
	  0   0   0   3   0   0   0   0   0    -1.40060e-02 
	  0   1   1   0   0   0   2   0   0    -2.29636e-03 
	  0   1   1   1   0   1   0   0   0    -2.04238e-02 
	  0   0   0   0   0   0   3   1   0    4.51124e-03 
	  0   0   0   0   0   0   1   0   0    -1.50133e-02 
	  1   0   0   0   0   0   0   0   0    -1.33183e-02 
	  0   0   0   0   0   1   0   0   0    -8.62262e-02 
	  2   1   1   0   0   0   0   0   0    -3.35240e-02 
	  0   0   1   2   1   0   0   0   0    -2.16315e-02 
	  0   0   1   0   0   1   0   0   0    7.30207e-02 
	  0   0   0   0   0   0   0   2   0    1.46899e-02 
	  0   0   0   0   0   0   2   2   0    -6.96144e-03 
	  0   0   0   0   1   0   0   0   0    3.67771e-02 
	  0   0   0   0   0   0   1   2   1    -2.75381e-03 
	  0   0   0   2   0   0   1   1   0    1.99414e-02 
	  0   0   0   0   0   0   1   2   0    7.83709e-03 
pectmajc2
parameters 13
# exponents ... coefficient
	  0   0   0   0   0   0    1.65227e-01 
	  3   0   1   0   0   0    -6.68891e-02 
	  1   0   0   1   1   0    -2.91998e-02 
	  0   0   0   0   0   1    -1.17878e-02 
	  1   1   0   2   0   0    3.54857e-04 
	  1   0   0   0   0   0    -3.95158e-02 
	  0   0   0   2   2   0    -7.14592e-03 
	  0   0   0   3   1   0    3.03884e-03 
	  0   0   0   1   0   0    -1.16486e-02 
	  2   0   2   0   0   0    1.14917e-01 
	  0   0   0   1   2   1    -3.72290e-03 
	  0   1   0   0   0   0    4.56964e-02 
	  3   1   0   0   0   0    -2.94842e-02 
tricmed4
parameters 3
# exponents ... coefficient
	  0    9.28028e-02 
	  1    2.20994e-02 
	  2    -1.84981e-03 
brachialis4
parameters 4
# exponents ... coefficient
	  0    1.48566e-01 
	  1    -1.27661e-02 
	  2    -9.28844e-03 
	  4    4.46326e-04 
brachiorad2
parameters 13
# exponents ... coefficient
	  0   0    3.13512e-01 
	  1   0    -1.53878e-02 
	  0   4    -5.30285e-04 
	  0   1    -2.60236e-04 
	  0   3    2.80853e-03 
	  2   0    -4.80403e-04 
	  4   0    3.27573e-03 
	  0   2    -3.41305e-03 
	  3   0    -1.31343e-02 
	  1   3    2.69987e-04 
	  1   1    -2.71354e-03 
	  2   2    -2.49060e-04 
	  2   1    6.76857e-04 
pronteres1
parameters 4
# exponents ... coefficient
	  0   0    1.58556e-01 
	  1   1    -7.47172e-04 
	  1   0    -8.43562e-03 
	  0   1    -6.28773e-03 
pronteres2
parameters 2
# exponents ... coefficient
	  0    8.41475e-02 
	  1    -6.45110e-03 
supinator3
parameters 3
# exponents ... coefficient
	  0    1.90163e-02 
	  1    6.59880e-03 
	  4    -6.01023e-05 
pronquad2
parameters 3
# exponents ... coefficient
	  0    2.89277e-02 
	  1    -5.11962e-03 
	  4    8.42745e-05 
triclat3
parameters 2
# exponents ... coefficient
	  0    2.30798e-01 
	  1    1.79130e-02 
anconeus2
parameters 4
# exponents ... coefficient
	  0    1.66220e-02 
	  1    3.59978e-03 
	  4    -2.25327e-04 
	  2    3.02601e-03 
