simulation
nRows=231
nColumns=15
endheader
time  TH_x TH_y TH_z SC_y  SC_z  SC_x  AC_y  AC_z  AC_x  GH_y  GH_z  GH_yy  EL_x  PS_y
0.000000  0.000000  0.000000  0.000000  -28.774430  0.582046  19.654095  63.628003  10.466141  -2.264378  44.457780  51.370664  -55.011230  24.456579  0.000000
0.010000  0.000000  0.000000  0.000000  -29.032246  0.344634  19.636429  63.979226  10.658970  -2.229347  44.494073  51.458368  -54.843775  24.656122  0.000000
0.020000  0.000000  0.000000  0.000000  -29.271809  0.127646  19.611235  64.292476  10.838557  -2.199836  44.536708  51.538345  -54.723237  24.836597  0.000000
0.030000  0.000000  0.000000  0.000000  -29.493917  -0.070016  19.578946  64.570137  11.005264  -2.175461  44.585582  51.610730  -54.646864  24.999065  0.000000
0.040000  0.000000  0.000000  0.000000  -29.699342  -0.249415  19.539982  64.814496  11.159460  -2.155844  44.640590  51.675658  -54.611999  25.144551  0.000000
0.050000  0.000000  0.000000  0.000000  -29.888835  -0.411577  19.494750  65.027750  11.301522  -2.140614  44.701631  51.733266  -54.616077  25.274048  0.000000
0.060000  0.000000  0.000000  0.000000  -30.063125  -0.557494  19.443644  65.212002  11.431832  -2.129407  44.768600  51.783688  -54.656628  25.388519  0.000000
0.070000  0.000000  0.000000  0.000000  -30.222917  -0.688124  19.387043  65.369268  11.550773  -2.121869  44.841393  51.827063  -54.731267  25.488892  0.000000
0.080000  0.000000  0.000000  0.000000  -30.368895  -0.804391  19.325317  65.501484  11.658730  -2.117655  44.919908  51.863526  -54.837701  25.576065  0.000000
0.090000  0.000000  0.000000  0.000000  -30.501723  -0.907187  19.258821  65.610499  11.756084  -2.116430  45.004040  51.893215  -54.973719  25.650906  0.000000
0.100000  0.000000  0.000000  0.000000  -30.622044  -0.997370  19.187899  65.698089  11.843218  -2.117872  45.093686  51.916266  -55.137197  25.714253  0.000000
0.110000  0.000000  0.000000  0.000000  -30.730479  -1.075768  19.112884  65.765951  11.920507  -2.121668  45.188739  51.932818  -55.326091  25.766913  0.000000
0.120000  0.000000  0.000000  0.000000  -30.827630  -1.143179  19.034094  65.815710  11.988323  -2.127516  45.289097  51.943007  -55.538437  25.809665  0.000000
0.130000  0.000000  0.000000  0.000000  -30.914079  -1.200369  18.951840  65.848919  12.047033  -2.135128  45.394654  51.946972  -55.772351  25.843260  0.000000
0.140000  0.000000  0.000000  0.000000  -30.990390  -1.248075  18.866419  65.867065  12.096996  -2.144228  45.505305  51.944850  -56.026024  25.868421  0.000000
0.150000  0.000000  0.000000  0.000000  -31.057108  -1.287005  18.778118  65.871565  12.138566  -2.154550  45.620945  51.936779  -56.297722  25.885843  0.000000
0.160000  0.000000  0.000000  0.000000  -31.114757  -1.317838  18.687214  65.863775  12.172088  -2.165843  45.741467  51.922897  -56.585784  25.896194  0.000000
0.170000  0.000000  0.000000  0.000000  -31.163845  -1.341228  18.593971  65.844988  12.197898  -2.177865  45.866767  51.903341  -56.888622  25.900116  0.000000
0.180000  0.000000  0.000000  0.000000  -31.204863  -1.357798  18.498647  65.816436  12.216327  -2.190389  45.996737  51.878248  -57.204716  25.898226  0.000000
0.190000  0.000000  0.000000  0.000000  -31.238284  -1.368147  18.401485  65.779292  12.227694  -2.203199  46.131270  51.847757  -57.532613  25.891116  0.000000
0.200000  0.000000  0.000000  0.000000  -31.264562  -1.372847  18.302723  65.734675  12.232310  -2.216090  46.270261  51.812005  -57.870927  25.879351  0.000000
0.210000  0.000000  0.000000  0.000000  -31.284137  -1.372447  18.202585  65.683647  12.230480  -2.228871  46.413600  51.771129  -58.218337  25.863473  0.000000
0.220000  0.000000  0.000000  0.000000  -31.297433  -1.367467  18.101290  65.627217  12.222497  -2.241361  46.561182  51.725266  -58.573584  25.844001  0.000000
0.230000  0.000000  0.000000  0.000000  -31.304855  -1.358408  17.999045  65.566341  12.208646  -2.253390  46.712896  51.674552  -58.935471  25.821431  0.000000
0.240000  0.000000  0.000000  0.000000  -31.306796  -1.345742  17.896047  65.501928  12.189204  -2.264801  46.868636  51.619124  -59.302860  25.796234  0.000000
0.250000  0.000000  0.000000  0.000000  -31.303631  -1.329922  17.792489  65.434836  12.164439  -2.275446  47.028291  51.559119  -59.674671  25.768861  0.000000
0.260000  0.000000  0.000000  0.000000  -31.295723  -1.311378  17.688550  65.365875  12.134610  -2.285189  47.191753  51.494671  -60.049881  25.739740  0.000000
0.270000  0.000000  0.000000  0.000000  -31.283418  -1.290516  17.584405  65.295811  12.099968  -2.293905  47.358912  51.425917  -60.427521  25.709278  0.000000
0.280000  0.000000  0.000000  0.000000  -31.267048  -1.267723  17.480218  65.225364  12.060757  -2.301476  47.529658  51.352992  -60.806676  25.677862  0.000000
0.290000  0.000000  0.000000  0.000000  -31.246933  -1.243365  17.376147  65.155210  12.017210  -2.307798  47.703879  51.276029  -61.186482  25.645857  0.000000
0.300000  0.000000  0.000000  0.000000  -31.223379  -1.217785  17.272341  65.085984  11.969555  -2.312773  47.881467  51.195164  -61.566126  25.613610  0.000000
0.310000  0.000000  0.000000  0.000000  -31.196676  -1.191311  17.168942  65.018280  11.918011  -2.316315  48.062308  51.110529  -61.944844  25.581448  0.000000
0.320000  0.000000  0.000000  0.000000  -31.167106  -1.164247  17.066085  64.952652  11.862791  -2.318345  48.246291  51.022258  -62.321918  25.549677  0.000000
0.330000  0.000000  0.000000  0.000000  -31.134935  -1.136882  16.963897  64.889615  11.804099  -2.318793  48.433304  50.930483  -62.696678  25.518589  0.000000
0.340000  0.000000  0.000000  0.000000  -31.100418  -1.109485  16.862500  64.829646  11.742134  -2.317597  48.623235  50.835336  -63.068496  25.488453  0.000000
0.350000  0.000000  0.000000  0.000000  -31.063797  -1.082308  16.762005  64.773188  11.677087  -2.314705  48.815970  50.736949  -63.436790  25.459524  0.000000
0.360000  0.000000  0.000000  0.000000  -31.025303  -1.055585  16.662522  64.720646  11.609143  -2.310071  49.011396  50.635452  -63.801016  25.432038  0.000000
0.370000  0.000000  0.000000  0.000000  -30.985158  -1.029535  16.564151  64.672391  11.538480  -2.303655  49.209400  50.530975  -64.160674  25.406216  0.000000
0.380000  0.000000  0.000000  0.000000  -30.943570  -1.004360  16.466986  64.628762  11.465273  -2.295427  49.409867  50.423647  -64.515301  25.382260  0.000000
0.390000  0.000000  0.000000  0.000000  -30.900737  -0.980246  16.371117  64.590066  11.389687  -2.285361  49.612682  50.313598  -64.864472  25.360359  0.000000
0.400000  0.000000  0.000000  0.000000  -30.856847  -0.957364  16.276625  64.556577  11.311885  -2.273441  49.817732  50.200953  -65.207798  25.340685  0.000000
0.410000  0.000000  0.000000  0.000000  -30.812079  -0.935871  16.183589  64.528541  11.232022  -2.259652  50.024899  50.085842  -65.544924  25.323395  0.000000
0.420000  0.000000  0.000000  0.000000  -30.766600  -0.915909  16.092079  64.506172  11.150250  -2.243991  50.234069  49.968389  -65.875532  25.308633  0.000000
0.430000  0.000000  0.000000  0.000000  -30.720569  -0.897608  16.002163  64.489659  11.066715  -2.226455  50.445126  49.848720  -66.199333  25.296528  0.000000
0.440000  0.000000  0.000000  0.000000  -30.674136  -0.881081  15.913900  64.479161  10.981558  -2.207050  50.657953  49.726960  -66.516072  25.287193  0.000000
0.450000  0.000000  0.000000  0.000000  -30.627441  -0.866432  15.827347  64.474812  10.894916  -2.185787  50.872434  49.603232  -66.825521  25.280731  0.000000
0.460000  0.000000  0.000000  0.000000  -30.580616  -0.853751  15.742556  64.476720  10.806921  -2.162680  51.088451  49.477659  -67.127483  25.277232  0.000000
0.470000  0.000000  0.000000  0.000000  -30.533784  -0.843116  15.659573  64.484969  10.717700  -2.137748  51.305888  49.350362  -67.421788  25.276770  0.000000
0.480000  0.000000  0.000000  0.000000  -30.487061  -0.834593  15.578440  64.499618  10.627378  -2.111015  51.524626  49.221462  -67.708292  25.279410  0.000000
0.490000  0.000000  0.000000  0.000000  -30.440554  -0.828239  15.499195  64.520706  10.536075  -2.082511  51.744548  49.091078  -67.986878  25.285205  0.000000
0.500000  0.000000  0.000000  0.000000  -30.394363  -0.824098  15.421870  64.548247  10.443905  -2.052266  51.965535  48.959331  -68.257451  25.294196  0.000000
0.510000  0.000000  0.000000  0.000000  -30.348581  -0.822205  15.346496  64.582235  10.350981  -2.020318  52.187469  48.826336  -68.519940  25.306412  0.000000
0.520000  0.000000  0.000000  0.000000  -30.303292  -0.822585  15.273098  64.622646  10.257412  -1.986704  52.410232  48.692211  -68.774297  25.321873  0.000000
0.530000  0.000000  0.000000  0.000000  -30.258576  -0.825254  15.201697  64.669434  10.163301  -1.951469  52.633704  48.557071  -69.020492  25.340589  0.000000
0.540000  0.000000  0.000000  0.000000  -30.214504  -0.830217  15.132312  64.722537  10.068749  -1.914657  52.857766  48.421030  -69.258517  25.362558  0.000000
0.550000  0.000000  0.000000  0.000000  -30.171143  -0.837472  15.064957  64.781872  9.973856  -1.876319  53.082300  48.284203  -69.488383  25.387770  0.000000
0.560000  0.000000  0.000000  0.000000  -30.128551  -0.847010  14.999643  64.847342  9.878714  -1.836506  53.307185  48.146700  -69.710118  25.416207  0.000000
0.570000  0.000000  0.000000  0.000000  -30.086782  -0.858812  14.936378  64.918835  9.783415  -1.795272  53.532302  48.008632  -69.923766  25.447839  0.000000
0.580000  0.000000  0.000000  0.000000  -30.045884  -0.872853  14.875168  64.996220  9.688047  -1.752674  53.757532  47.870110  -70.129390  25.482631  0.000000
0.590000  0.000000  0.000000  0.000000  -30.005900  -0.889098  14.816015  65.079356  9.592694  -1.708772  53.982754  47.731241  -70.327063  25.520538  0.000000
0.600000  0.000000  0.000000  0.000000  -29.966867  -0.907510  14.758917  65.168084  9.497438  -1.663627  54.207849  47.592133  -70.516876  25.561507  0.000000
0.610000  0.000000  0.000000  0.000000  -29.928817  -0.928041  14.703870  65.262237  9.402358  -1.617303  54.432697  47.452892  -70.698930  25.605479  0.000000
0.620000  0.000000  0.000000  0.000000  -29.891778  -0.950641  14.650870  65.361632  9.307529  -1.569865  54.657178  47.313622  -70.873341  25.652386  0.000000
0.630000  0.000000  0.000000  0.000000  -29.855773  -0.975250  14.599908  65.466076  9.213024  -1.521379  54.881172  47.174426  -71.040233  25.702156  0.000000
0.640000  0.000000  0.000000  0.000000  -29.820821  -1.001807  14.550972  65.575367  9.118913  -1.471916  55.104559  47.035407  -71.199743  25.754708  0.000000
0.650000  0.000000  0.000000  0.000000  -29.786935  -1.030243  14.504051  65.689292  9.025262  -1.421544  55.327220  46.896665  -71.352016  25.809955  0.000000
0.660000  0.000000  0.000000  0.000000  -29.754128  -1.060485  14.459128  65.807627  8.932137  -1.370336  55.549034  46.758300  -71.497206  25.867806  0.000000
0.670000  0.000000  0.000000  0.000000  -29.722406  -1.092457  14.416187  65.930144  8.839598  -1.318364  55.769883  46.620408  -71.635474  25.928164  0.000000
0.680000  0.000000  0.000000  0.000000  -29.691771  -1.126077  14.375210  66.056603  8.747705  -1.265701  55.989646  46.483087  -71.766988  25.990925  0.000000
0.690000  0.000000  0.000000  0.000000  -29.662226  -1.161260  14.336175  66.186759  8.656513  -1.212423  56.208205  46.346432  -71.891925  26.055982  0.000000
0.700000  0.000000  0.000000  0.000000  -29.633765  -1.197918  14.299061  66.320362  8.566076  -1.158605  56.425440  46.210535  -72.010464  26.123224  0.000000
0.710000  0.000000  0.000000  0.000000  -29.606383  -1.235960  14.263844  66.457153  8.476445  -1.104322  56.641233  46.075490  -72.122789  26.192533  0.000000
0.720000  0.000000  0.000000  0.000000  -29.580072  -1.275292  14.230499  66.596871  8.387669  -1.049653  56.855465  45.941386  -72.229091  26.263790  0.000000
0.730000  0.000000  0.000000  0.000000  -29.554819  -1.315816  14.199000  66.739250  8.299793  -0.994674  57.068018  45.808313  -72.329561  26.336870  0.000000
0.740000  0.000000  0.000000  0.000000  -29.530611  -1.357434  14.169320  66.884018  8.212862  -0.939462  57.278774  45.676359  -72.424394  26.411646  0.000000
0.750000  0.000000  0.000000  0.000000  -29.507432  -1.400044  14.141429  67.030903  8.126917  -0.884095  57.487615  45.545609  -72.513787  26.487987  0.000000
0.760000  0.000000  0.000000  0.000000  -29.485264  -1.443545  14.115298  67.179629  8.041996  -0.828652  57.694426  45.416147  -72.597938  26.565760  0.000000
0.770000  0.000000  0.000000  0.000000  -29.464085  -1.487831  14.090897  67.329918  7.958137  -0.773209  57.899088  45.288058  -72.677046  26.644828  0.000000
0.780000  0.000000  0.000000  0.000000  -29.443876  -1.532798  14.068194  67.481491  7.875374  -0.717845  58.101487  45.161421  -72.751310  26.725054  0.000000
0.790000  0.000000  0.000000  0.000000  -29.424611  -1.578339  14.047157  67.634067  7.793739  -0.662636  58.301506  45.036317  -72.820927  26.806296  0.000000
0.800000  0.000000  0.000000  0.000000  -29.406265  -1.624347  14.027754  67.787368  7.713263  -0.607660  58.499031  44.912824  -72.886095  26.888413  0.000000
0.810000  0.000000  0.000000  0.000000  -29.388814  -1.670714  14.009952  67.941112  7.633974  -0.552994  58.693947  44.791018  -72.947009  26.971260  0.000000
0.820000  0.000000  0.000000  0.000000  -29.372228  -1.717334  13.993716  68.095021  7.555899  -0.498713  58.886141  44.670975  -73.003863  27.054692  0.000000
0.830000  0.000000  0.000000  0.000000  -29.356479  -1.764098  13.979012  68.248818  7.479063  -0.444892  59.075500  44.552767  -73.056847  27.138564  0.000000
0.840000  0.000000  0.000000  0.000000  -29.341539  -1.810899  13.965807  68.402225  7.403487  -0.391607  59.261912  44.436465  -73.106148  27.222727  0.000000
0.850000  0.000000  0.000000  0.000000  -29.327376  -1.857630  13.954065  68.554971  7.329194  -0.338930  59.445265  44.322141  -73.151949  27.307034  0.000000
0.860000  0.000000  0.000000  0.000000  -29.313961  -1.904185  13.943752  68.706783  7.256203  -0.286933  59.625449  44.209861  -73.194431  27.391338  0.000000
0.870000  0.000000  0.000000  0.000000  -29.301261  -1.950459  13.934833  68.857395  7.184532  -0.235689  59.802355  44.099692  -73.233767  27.475488  0.000000
0.880000  0.000000  0.000000  0.000000  -29.289245  -1.996346  13.927273  69.006542  7.114197  -0.185267  59.975873  43.991699  -73.270129  27.559339  0.000000
0.890000  0.000000  0.000000  0.000000  -29.277881  -2.041744  13.921036  69.153966  7.045213  -0.135736  60.145896  43.885945  -73.303678  27.642741  0.000000
0.900000  0.000000  0.000000  0.000000  -29.267137  -2.086552  13.916089  69.299411  6.977594  -0.087164  60.312318  43.782491  -73.334576  27.725546  0.000000
0.910000  0.000000  0.000000  0.000000  -29.256982  -2.130668  13.912397  69.442626  6.911353  -0.039616  60.475033  43.681397  -73.362972  27.807610  0.000000
0.920000  0.000000  0.000000  0.000000  -29.247383  -2.173996  13.909925  69.583368  6.846501  0.006843  60.633937  43.582719  -73.389013  27.888785  0.000000
0.930000  0.000000  0.000000  0.000000  -29.238307  -2.216439  13.908639  69.721397  6.783048  0.052152  60.788926  43.486515  -73.412839  27.968927  0.000000
0.940000  0.000000  0.000000  0.000000  -29.229725  -2.257903  13.908506  69.856479  6.721004  0.096250  60.939899  43.392838  -73.434579  28.047893  0.000000
0.950000  0.000000  0.000000  0.000000  -29.221605  -2.298296  13.909492  69.988390  6.660377  0.139077  61.086754  43.301740  -73.454359  28.125540  0.000000
0.960000  0.000000  0.000000  0.000000  -29.213916  -2.337528  13.911565  70.116909  6.601176  0.180577  61.229394  43.213272  -73.472295  28.201729  0.000000
0.970000  0.000000  0.000000  0.000000  -29.206628  -2.375514  13.914691  70.241823  6.543406  0.220695  61.367719  43.127483  -73.488494  28.276322  0.000000
0.980000  0.000000  0.000000  0.000000  -29.199712  -2.412169  13.918840  70.362927  6.487075  0.259379  61.501634  43.044419  -73.503057  28.349182  0.000000
0.990000  0.000000  0.000000  0.000000  -29.193139  -2.447412  13.923980  70.480024  6.432188  0.296577  61.631043  42.964126  -73.516076  28.420174  0.000000
1.000000  0.000000  0.000000  0.000000  -29.186883  -2.481165  13.930081  70.592925  6.378752  0.332243  61.755854  42.886646  -73.527632  28.489169  0.000000
1.010000  0.000000  0.000000  0.000000  -29.180915  -2.513354  13.937112  70.701448  6.326770  0.366330  61.875975  42.812021  -73.537801  28.556036  0.000000
1.020000  0.000000  0.000000  0.000000  -29.175210  -2.543906  13.945045  70.805421  6.276248  0.398794  61.991316  42.740290  -73.546646  28.620649  0.000000
1.030000  0.000000  0.000000  0.000000  -29.169744  -2.572753  13.953851  70.904680  6.227191  0.429596  62.101788  42.671491  -73.554224  28.682885  0.000000
1.040000  0.000000  0.000000  0.000000  -29.164492  -2.599830  13.963503  70.999070  6.179602  0.458695  62.207306  42.605660  -73.560580  28.742623  0.000000
1.050000  0.000000  0.000000  0.000000  -29.159433  -2.625077  13.973973  71.088445  6.133487  0.486057  62.307785  42.542830  -73.565752  28.799747  0.000000
1.060000  0.000000  0.000000  0.000000  -29.154545  -2.648435  13.985236  71.172670  6.088851  0.511649  62.403143  42.483033  -73.569767  28.854142  0.000000
1.070000  0.000000  0.000000  0.000000  -29.149808  -2.669850  13.997267  71.251617  6.045697  0.535439  62.493299  42.426299  -73.572642  28.905698  0.000000
1.080000  0.000000  0.000000  0.000000  -29.145204  -2.689273  14.010042  71.325170  6.004030  0.557400  62.578174  42.372656  -73.574386  28.954309  0.000000
1.090000  0.000000  0.000000  0.000000  -29.140716  -2.706657  14.023538  71.393222  5.963856  0.577507  62.657693  42.322131  -73.574998  28.999870  0.000000
1.100000  0.000000  0.000000  0.000000  -29.136329  -2.721961  14.037731  71.455676  5.925179  0.595737  62.731782  42.274748  -73.574465  29.042284  0.000000
1.110000  0.000000  0.000000  0.000000  -29.132027  -2.735145  14.052602  71.512445  5.888005  0.612072  62.800368  42.230528  -73.572767  29.081454  0.000000
1.120000  0.000000  0.000000  0.000000  -29.127799  -2.746177  14.068129  71.563454  5.852341  0.626494  62.863383  42.189493  -73.569874  29.117291  0.000000
1.130000  0.000000  0.000000  0.000000  -29.123633  -2.755026  14.084294  71.608636  5.818193  0.638989  62.920760  42.151660  -73.565745  29.149706  0.000000
1.140000  0.000000  0.000000  0.000000  -29.119520  -2.761666  14.101078  71.647935  5.785566  0.649547  62.972433  42.117047  -73.560329  29.178618  0.000000
1.150000  0.000000  0.000000  0.000000  -29.115453  -2.766077  14.118463  71.681308  5.754470  0.658160  63.018342  42.085668  -73.553568  29.203948  0.000000
1.160000  0.000000  0.000000  0.000000  -29.111424  -2.768240  14.136435  71.708720  5.724911  0.664822  63.058426  42.057536  -73.545394  29.225623  0.000000
1.170000  0.000000  0.000000  0.000000  -29.107430  -2.768143  14.154976  71.730147  5.696898  0.669532  63.092630  42.032660  -73.535726  29.243575  0.000000
1.180000  0.000000  0.000000  0.000000  -29.103469  -2.765778  14.174074  71.745577  5.670440  0.672289  63.120899  42.011051  -73.524480  29.257738  0.000000
1.190000  0.000000  0.000000  0.000000  -29.099538  -2.761141  14.193715  71.755008  5.645546  0.673099  63.143183  41.992715  -73.511557  29.268054  0.000000
1.200000  0.000000  0.000000  0.000000  -29.095638  -2.754230  14.213887  71.758448  5.622227  0.671966  63.159434  41.977656  -73.496853  29.274468  0.000000
1.210000  0.000000  0.000000  0.000000  -29.091772  -2.745052  14.234580  71.755918  5.600493  0.668901  63.169606  41.965878  -73.480255  29.276931  0.000000
1.220000  0.000000  0.000000  0.000000  -29.087944  -2.733615  14.255782  71.747446  5.580355  0.663916  63.173657  41.957381  -73.461639  29.275398  0.000000
1.230000  0.000000  0.000000  0.000000  -29.084160  -2.719932  14.277485  71.733075  5.561825  0.657026  63.171550  41.952165  -73.440875  29.269831  0.000000
1.240000  0.000000  0.000000  0.000000  -29.080427  -2.704021  14.299681  71.712856  5.544916  0.648248  63.163248  41.950226  -73.417826  29.260195  0.000000
1.250000  0.000000  0.000000  0.000000  -29.076754  -2.685904  14.322363  71.686850  5.529640  0.637604  63.148719  41.951559  -73.392343  29.246461  0.000000
1.260000  0.000000  0.000000  0.000000  -29.073153  -2.665606  14.345525  71.655131  5.516011  0.625118  63.127934  41.956158  -73.364275  29.228607  0.000000
1.270000  0.000000  0.000000  0.000000  -29.069636  -2.643159  14.369162  71.617781  5.504043  0.610814  63.100869  41.964014  -73.333459  29.206614  0.000000
1.280000  0.000000  0.000000  0.000000  -29.066216  -2.618597  14.393270  71.574893  5.493749  0.594723  63.067501  41.975115  -73.299729  29.180469  0.000000
1.290000  0.000000  0.000000  0.000000  -29.062911  -2.591959  14.417846  71.526572  5.485146  0.576877  63.027812  41.989449  -73.262910  29.150166  0.000000
1.300000  0.000000  0.000000  0.000000  -29.059737  -2.563288  14.442887  71.472930  5.478246  0.557308  62.981787  42.007002  -73.222821  29.115703  0.000000
1.310000  0.000000  0.000000  0.000000  -29.056714  -2.532632  14.468393  71.414091  5.473067  0.536054  62.929417  42.027755  -73.179277  29.077084  0.000000
1.320000  0.000000  0.000000  0.000000  -29.053862  -2.500041  14.494362  71.350187  5.469624  0.513155  62.870695  42.051692  -73.132086  29.034318  0.000000
1.330000  0.000000  0.000000  0.000000  -29.051204  -2.465570  14.520794  71.281362  5.467932  0.488651  62.805617  42.078791  -73.081052  28.987421  0.000000
1.340000  0.000000  0.000000  0.000000  -29.048762  -2.429279  14.547692  71.207767  5.468007  0.462588  62.734186  42.109029  -73.025974  28.936414  0.000000
1.350000  0.000000  0.000000  0.000000  -29.046562  -2.391231  14.575057  71.129562  5.469867  0.435011  62.656406  42.142382  -72.966645  28.881322  0.000000
1.360000  0.000000  0.000000  0.000000  -29.044631  -2.351492  14.602891  71.046918  5.473526  0.405969  62.572288  42.178823  -72.902859  28.822179  0.000000
1.370000  0.000000  0.000000  0.000000  -29.042996  -2.310132  14.631198  70.960014  5.479001  0.375514  62.481846  42.218324  -72.834403  28.759023  0.000000
1.380000  0.000000  0.000000  0.000000  -29.041685  -2.267226  14.659981  70.869036  5.486307  0.343697  62.385098  42.260855  -72.761061  28.691896  0.000000
1.390000  0.000000  0.000000  0.000000  -29.040730  -2.222850  14.689245  70.774179  5.495461  0.310574  62.282067  42.306383  -72.682619  28.620848  0.000000
1.400000  0.000000  0.000000  0.000000  -29.040162  -2.177086  14.718995  70.675646  5.506478  0.276202  62.172781  42.354874  -72.598857  28.545934  0.000000
1.410000  0.000000  0.000000  0.000000  -29.040013  -2.130016  14.749237  70.573647  5.519373  0.240639  62.057273  42.406291  -72.509556  28.467216  0.000000
1.420000  0.000000  0.000000  0.000000  -29.040316  -2.081729  14.779976  70.468401  5.534161  0.203947  61.935580  42.460597  -72.414497  28.384759  0.000000
1.430000  0.000000  0.000000  0.000000  -29.041106  -2.032313  14.811219  70.360131  5.550855  0.166186  61.807743  42.517752  -72.313460  28.298635  0.000000
1.440000  0.000000  0.000000  0.000000  -29.042419  -1.981863  14.842973  70.249070  5.569471  0.127421  61.673810  42.577713  -72.206225  28.208923  0.000000
1.450000  0.000000  0.000000  0.000000  -29.044289  -1.930473  14.875244  70.135454  5.590020  0.087717  61.533834  42.640437  -72.092577  28.115706  0.000000
1.460000  0.000000  0.000000  0.000000  -29.046755  -1.878241  14.908041  70.019527  5.612515  0.047140  61.387871  42.705878  -71.972298  28.019072  0.000000
1.470000  0.000000  0.000000  0.000000  -29.049853  -1.825269  14.941370  69.901537  5.636968  0.005759  61.235984  42.773988  -71.845178  27.919117  0.000000
1.480000  0.000000  0.000000  0.000000  -29.053621  -1.771659  14.975238  69.781739  5.663389  -0.036358  61.078241  42.844718  -71.711006  27.815940  0.000000
1.490000  0.000000  0.000000  0.000000  -29.058097  -1.717517  15.009654  69.660391  5.691787  -0.079141  60.914716  42.918016  -71.569577  27.709647  0.000000
1.500000  0.000000  0.000000  0.000000  -29.063321  -1.662948  15.044625  69.537755  5.722171  -0.122520  60.745489  42.993829  -71.420691  27.600351  0.000000
1.510000  0.000000  0.000000  0.000000  -29.069331  -1.608062  15.080159  69.414098  5.754549  -0.166423  60.570642  43.072102  -71.264153  27.488166  0.000000
1.520000  0.000000  0.000000  0.000000  -29.076166  -1.552970  15.116262  69.289690  5.788927  -0.210776  60.390269  43.152777  -71.099775  27.373214  0.000000
1.530000  0.000000  0.000000  0.000000  -29.083865  -1.497783  15.152942  69.164804  5.825310  -0.255508  60.204464  43.235796  -70.927375  27.255625  0.000000
1.540000  0.000000  0.000000  0.000000  -29.092467  -1.442615  15.190206  69.039715  5.863701  -0.300545  60.013330  43.321098  -70.746781  27.135528  0.000000
1.550000  0.000000  0.000000  0.000000  -29.102010  -1.387579  15.228060  68.914700  5.904103  -0.345813  59.816977  43.408620  -70.557828  27.013064  0.000000
1.560000  0.000000  0.000000  0.000000  -29.112534  -1.332790  15.266509  68.790038  5.946517  -0.391238  59.615518  43.498298  -70.360359  26.888373  0.000000
1.570000  0.000000  0.000000  0.000000  -29.124076  -1.278365  15.305559  68.666007  5.990942  -0.436747  59.409075  43.590066  -70.154232  26.761605  0.000000
1.580000  0.000000  0.000000  0.000000  -29.136673  -1.224418  15.345215  68.542887  6.037375  -0.482264  59.197776  43.683856  -69.939313  26.632911  0.000000
1.590000  0.000000  0.000000  0.000000  -29.150362  -1.171068  15.385481  68.420958  6.085812  -0.527718  58.981754  43.779597  -69.715480  26.502450  0.000000
1.600000  0.000000  0.000000  0.000000  -29.165178  -1.118429  15.426359  68.300498  6.136248  -0.573033  58.761151  43.877219  -69.482625  26.370384  0.000000
1.610000  0.000000  0.000000  0.000000  -29.181158  -1.066617  15.467852  68.181784  6.188675  -0.618138  58.536114  43.976647  -69.240655  26.236880  0.000000
1.620000  0.000000  0.000000  0.000000  -29.198333  -1.015749  15.509961  68.065092  6.243085  -0.662959  58.306797  44.077808  -68.989491  26.102110  0.000000
1.630000  0.000000  0.000000  0.000000  -29.216737  -0.965940  15.552687  67.950693  6.299464  -0.707424  58.073361  44.180622  -68.729069  25.966251  0.000000
1.640000  0.000000  0.000000  0.000000  -29.236401  -0.917302  15.596027  67.838859  6.357801  -0.751464  57.835976  44.285013  -68.459344  25.829483  0.000000
1.650000  0.000000  0.000000  0.000000  -29.257353  -0.869949  15.639980  67.729853  6.418081  -0.795008  57.594817  44.390900  -68.180287  25.691991  0.000000
1.660000  0.000000  0.000000  0.000000  -29.279623  -0.823992  15.684542  67.623938  6.480285  -0.837987  57.350066  44.498200  -67.891889  25.553965  0.000000
1.670000  0.000000  0.000000  0.000000  -29.303235  -0.779540  15.729707  67.521368  6.544396  -0.880333  57.101914  44.606830  -67.594161  25.415597  0.000000
1.680000  0.000000  0.000000  0.000000  -29.328213  -0.736702  15.775469  67.422395  6.610391  -0.921980  56.850559  44.716704  -67.287135  25.277085  0.000000
1.690000  0.000000  0.000000  0.000000  -29.354579  -0.695581  15.821818  67.327262  6.678246  -0.962864  56.596207  44.827735  -66.970864  25.138630  0.000000
1.700000  0.000000  0.000000  0.000000  -29.382352  -0.656281  15.868744  67.236205  6.747937  -1.002922  56.339072  44.939835  -66.645427  25.000437  0.000000
1.710000  0.000000  0.000000  0.000000  -29.411549  -0.618901  15.916236  67.149453  6.819435  -1.042092  56.079373  45.052912  -66.310925  24.862715  0.000000
1.720000  0.000000  0.000000  0.000000  -29.442184  -0.583538  15.964277  67.067226  6.892709  -1.080315  55.817342  45.166875  -65.967484  24.725674  0.000000
1.730000  0.000000  0.000000  0.000000  -29.474267  -0.550285  16.012852  66.989735  6.967728  -1.117535  55.553215  45.281630  -65.615258  24.589531  0.000000
1.740000  0.000000  0.000000  0.000000  -29.507806  -0.519232  16.061942  66.917179  7.044455  -1.153696  55.287238  45.397081  -65.254430  24.454503  0.000000
1.750000  0.000000  0.000000  0.000000  -29.542807  -0.490463  16.111524  66.849749  7.122854  -1.188745  55.019665  45.513131  -64.885209  24.320811  0.000000
1.760000  0.000000  0.000000  0.000000  -29.579270  -0.464060  16.161576  66.787624  7.202883  -1.222634  54.750759  45.629683  -64.507837  24.188680  0.000000
1.770000  0.000000  0.000000  0.000000  -29.617192  -0.440099  16.212069  66.730968  7.284502  -1.255315  54.480792  45.746636  -64.122585  24.058336  0.000000
1.780000  0.000000  0.000000  0.000000  -29.656568  -0.418650  16.262975  66.679934  7.367663  -1.286743  54.210043  45.863887  -63.729758  23.930008  0.000000
1.790000  0.000000  0.000000  0.000000  -29.697387  -0.399780  16.314262  66.634661  7.452321  -1.316879  53.938802  45.981335  -63.329696  23.803929  0.000000
1.800000  0.000000  0.000000  0.000000  -29.739634  -0.383549  16.365893  66.595273  7.538423  -1.345683  53.667365  46.098875  -62.922771  23.680332  0.000000
1.810000  0.000000  0.000000  0.000000  -29.783289  -0.370011  16.417830  66.561879  7.625916  -1.373122  53.396042  46.216399  -62.509395  23.559452  0.000000
1.820000  0.000000  0.000000  0.000000  -29.828330  -0.359213  16.470030  66.534569  7.714744  -1.399165  53.125147  46.333802  -62.090016  23.441527  0.000000
1.830000  0.000000  0.000000  0.000000  -29.874727  -0.351196  16.522449  66.513419  7.804848  -1.423784  52.855008  46.450973  -61.665121  23.326797  0.000000
1.840000  0.000000  0.000000  0.000000  -29.922446  -0.345994  16.575037  66.498486  7.896165  -1.446958  52.585958  46.567801  -61.235240  23.215502  0.000000
1.850000  0.000000  0.000000  0.000000  -29.971448  -0.343632  16.627741  66.489807  7.988630  -1.468666  52.318344  46.684176  -60.800940  23.107883  0.000000
1.860000  0.000000  0.000000  0.000000  -30.021688  -0.344130  16.680503  66.487400  8.082175  -1.488895  52.052520  46.799984  -60.362837  23.004185  0.000000
1.870000  0.000000  0.000000  0.000000  -30.073115  -0.347496  16.733264  66.491263  8.176726  -1.507635  51.788851  46.915109  -59.921587  22.904650  0.000000
1.880000  0.000000  0.000000  0.000000  -30.125673  -0.353733  16.785957  66.501371  8.272209  -1.524881  51.527711  47.029437  -59.477895  22.809524  0.000000
1.890000  0.000000  0.000000  0.000000  -30.179299  -0.362833  16.838513  66.517678  8.368545  -1.540633  51.269487  47.142849  -59.032513  22.719050  0.000000
1.900000  0.000000  0.000000  0.000000  -30.233922  -0.374777  16.890858  66.540114  8.465650  -1.554896  51.014572  47.255226  -58.586242  22.633475  0.000000
1.910000  0.000000  0.000000  0.000000  -30.289467  -0.389540  16.942913  66.568584  8.563438  -1.567681  50.763373  47.366449  -58.139932  22.553043  0.000000
1.920000  0.000000  0.000000  0.000000  -30.345850  -0.407084  16.994595  66.602969  8.661818  -1.579005  50.516306  47.476396  -57.694488  22.478000  0.000000
1.930000  0.000000  0.000000  0.000000  -30.402982  -0.427361  17.045814  66.643124  8.760696  -1.588891  50.273800  47.584944  -57.250865  22.408589  0.000000
1.940000  0.000000  0.000000  0.000000  -30.460762  -0.450311  17.096476  66.688877  8.859972  -1.597368  50.036290  47.691970  -56.810078  22.345054  0.000000
1.950000  0.000000  0.000000  0.000000  -30.519087  -0.475864  17.146483  66.740027  8.959543  -1.604470  49.804228  47.797349  -56.373193  22.287639  0.000000
1.960000  0.000000  0.000000  0.000000  -30.577841  -0.503938  17.195730  66.796345  9.059300  -1.610241  49.578072  47.900953  -55.941339  22.236584  0.000000
1.970000  0.000000  0.000000  0.000000  -30.636902  -0.534436  17.244105  66.857572  9.159130  -1.614730  49.358295  48.002657  -55.515701  22.192131  0.000000
1.980000  0.000000  0.000000  0.000000  -30.696140  -0.567252  17.291493  66.923418  9.258915  -1.617993  49.145379  48.102331  -55.097529  22.154518  0.000000
1.990000  0.000000  0.000000  0.000000  -30.755415  -0.602263  17.337772  66.993562  9.358531  -1.620096  48.939820  48.199845  -54.688134  22.123982  0.000000
2.000000  0.000000  0.000000  0.000000  -30.814578  -0.639336  17.382812  67.067650  9.457848  -1.621111  48.742123  48.295069  -54.288891  22.100757  0.000000
2.010000  0.000000  0.000000  0.000000  -30.873471  -0.678319  17.426479  67.145292  9.556731  -1.621119  48.552807  48.387870  -53.901245  22.085076  0.000000
2.020000  0.000000  0.000000  0.000000  -30.931925  -0.719050  17.468631  67.226067  9.655041  -1.620208  48.372402  48.478116  -53.526704  22.077168  0.000000
2.030000  0.000000  0.000000  0.000000  -30.989763  -0.761348  17.509120  67.309515  9.752629  -1.618479  48.201450  48.565673  -53.166851  22.077259  0.000000
2.040000  0.000000  0.000000  0.000000  -31.046797  -0.805020  17.547790  67.395142  9.849341  -1.616039  48.040507  48.650405  -52.823337  22.085573  0.000000
2.050000  0.000000  0.000000  0.000000  -31.102828  -0.849853  17.584479  67.482412  9.945018  -1.613004  47.890139  48.732176  -52.497888  22.102330  0.000000
2.060000  0.000000  0.000000  0.000000  -31.157645  -0.895621  17.619017  67.570754  10.039491  -1.609502  47.750926  48.810851  -52.192303  22.127745  0.000000
2.070000  0.000000  0.000000  0.000000  -31.211029  -0.942078  17.651228  67.659556  10.132587  -1.605672  47.623461  48.886289  -51.908461  22.162031  0.000000
2.080000  0.000000  0.000000  0.000000  -31.262747  -0.988961  17.680925  67.748163  10.224122  -1.601660  47.508349  48.958354  -51.648318  22.205395  0.000000
2.090000  0.000000  0.000000  0.000000  -31.312555  -1.035990  17.707916  67.835879  10.313908  -1.597625  47.406210  49.026904  -51.413910  22.258040  0.000000
2.100000  0.000000  0.000000  0.000000  -31.360196  -1.082866  17.732001  67.921965  10.401747  -1.593739  47.317674  49.091800  -51.207355  22.320164  0.000000
2.110000  0.000000  0.000000  0.000000  -31.405402  -1.129269  17.752968  68.005636  10.487433  -1.590183  47.243387  49.152900  -51.030857  22.391960  0.000000
2.120000  0.000000  0.000000  0.000000  -31.447892  -1.174861  17.770601  68.086062  10.570751  -1.587149  47.184008  49.210062  -50.886704  22.473615  0.000000
2.130000  0.000000  0.000000  0.000000  -31.487371  -1.219283  17.784674  68.162366  10.651481  -1.584846  47.140209  49.263142  -50.777274  22.565309  0.000000
2.140000  0.000000  0.000000  0.000000  -31.523532  -1.262157  17.794949  68.233622  10.729390  -1.583489  47.112677  49.311998  -50.705034  22.667218  0.000000
2.150000  0.000000  0.000000  0.000000  -31.556052  -1.303080  17.801183  68.298854  10.804240  -1.583311  47.102111  49.356485  -50.672541  22.779510  0.000000
2.160000  0.000000  0.000000  0.000000  -31.584596  -1.341630  17.803122  68.357035  10.875782  -1.584554  47.109226  49.396456  -50.682449  22.902348  0.000000
2.170000  0.000000  0.000000  0.000000  -31.608815  -1.377362  17.800501  68.407086  10.943759  -1.587478  47.134751  49.431768  -50.737505  23.035884  0.000000
2.180000  0.000000  0.000000  0.000000  -31.628343  -1.409807  17.793048  68.447875  11.007905  -1.592350  47.179429  49.462273  -50.840555  23.180267  0.000000
2.190000  0.000000  0.000000  0.000000  -31.642801  -1.438473  17.780478  68.478211  11.067948  -1.599457  47.244018  49.487824  -50.994544  23.335634  0.000000
2.200000  0.000000  0.000000  0.000000  -31.651793  -1.462844  17.762499  68.496850  11.123604  -1.609095  47.329290  49.508273  -51.202519  23.502118  0.000000
2.210000  0.000000  0.000000  0.000000  -31.654909  -1.482379  17.738805  68.502486  11.174583  -1.621577  47.436034  49.523473  -51.467632  23.679840  0.000000
2.220000  0.000000  0.000000  0.000000  -31.651721  -1.496512  17.709083  68.493755  11.220587  -1.637227  47.565051  49.533275  -51.793138  23.868913  0.000000
2.230000  0.000000  0.000000  0.000000  -31.641786  -1.504649  17.673005  68.469229  11.261311  -1.656387  47.717160  49.537529  -52.182403  24.069442  0.000000
2.240000  0.000000  0.000000  0.000000  -31.624643  -1.506173  17.630235  68.427417  11.296441  -1.679409  47.893195  49.536086  -52.638901  24.281521  0.000000
2.250000  0.000000  0.000000  0.000000  -31.599815  -1.500437  17.580425  68.366761  11.325661  -1.706661  48.094004  49.528796  -53.166218  24.505235  0.000000
2.260000  0.000000  0.000000  0.000000  -31.566805  -1.486767  17.523215  68.285636  11.348647  -1.738524  48.320452  49.515508  -53.768056  24.740658  0.000000
2.270000  0.000000  0.000000  0.000000  -31.525102  -1.464461  17.458232  68.182346  11.365072  -1.775394  48.573420  49.496072  -54.448232  24.987853  0.000000
2.280000  0.000000  0.000000  0.000000  -31.474173  -1.432788  17.385093  68.055123  11.374603  -1.817678  48.853805  49.470336  -55.210681  25.246872  0.000000
2.290000  0.000000  0.000000  0.000000  -31.413468  -1.390986  17.303402  67.902124  11.376910  -1.865797  49.162520  49.438149  -56.059461  25.517757  0.000000
2.300000  0.000000  0.000000  0.000000  -31.342417  -1.338265  17.212749  67.721427  11.371659  -1.920184  49.500495  49.399360  -56.998752  25.800536  0.000000
