simulation
nRows=100
nColumns=15
endheader
time  TH_x TH_y TH_z SC_y  SC_z  SC_x  AC_y  AC_z  AC_x  GH_y  GH_z  GH_yy  EL_x  PS_y
0.000000  0.000000  0.000000  0.000000  -33.155102  -0.337486  1.785483  46.971923  8.552420  -4.245213  -3.392173  0.766133  19.233047  22.084247  115.200896
0.030303  0.000000  0.000000  0.000000  -32.953060  -0.346552  1.964321  46.457835  8.856934  -4.448853  -2.680727  -0.310780  19.835667  22.383087  115.059533
0.060606  0.000000  0.000000  0.000000  -32.811400  -0.385332  2.081698  45.944600  8.901807  -4.530145  -2.187630  -0.791046  20.516727  22.643618  115.052340
0.090909  0.000000  0.000000  0.000000  -32.729435  -0.439959  2.144874  45.456782  8.750055  -4.516205  -1.872115  -0.747793  21.194022  22.867787  115.127416
0.121212  0.000000  0.000000  0.000000  -32.706479  -0.496564  2.161112  45.018944  8.464693  -4.434145  -1.693416  -0.254148  21.785345  23.057543  115.232863
0.151515  0.000000  0.000000  0.000000  -32.741844  -0.541278  2.137673  44.655650  8.108737  -4.311081  -1.610769  0.616761  22.208491  23.214831  115.316780
0.181818  0.000000  0.000000  0.000000  -32.834844  -0.560233  2.081820  44.391464  7.745200  -4.174126  -1.583407  1.791806  22.381252  23.341601  115.327267
0.212121  0.000000  0.000000  0.000000  -32.984780  -0.539583  2.000876  44.250967  7.436973  -4.050309  -1.570923  3.198008  22.221766  23.439858  115.212694
0.242424  0.000000  0.000000  0.000000  -33.187040  -0.472865  1.921547  44.264236  7.208113  -3.939873  -1.644149  4.808087  21.754823  23.529894  115.005319
0.272727  0.000000  0.000000  0.000000  -33.427576  -0.371415  1.917278  44.474604  6.989023  -3.778465  -2.142184  6.704983  21.262421  23.676093  114.939706
0.303030  0.000000  0.000000  0.000000  -33.690950  -0.249199  2.068417  44.927363  6.696274  -3.492190  -3.443757  8.987918  21.064552  23.949355  115.280307
0.333333  0.000000  0.000000  0.000000  -33.961115  -0.118733  2.439687  45.647537  6.266120  -3.025981  -5.823895  11.730242  21.405324  24.404645  116.245735
0.363636  0.000000  0.000000  0.000000  -34.216890  0.019719  2.963657  46.488758  5.801317  -2.483994  -8.680534  14.786487  21.887024  24.962154  117.666948
0.393939  0.000000  0.000000  0.000000  -34.434518  0.172054  3.506443  47.218474  5.488342  -2.050445  -10.970589  17.901159  21.789216  25.474308  119.179977
0.424242  0.000000  0.000000  0.000000  -34.590562  0.344160  3.935209  47.606431  5.512019  -1.907727  -11.661397  20.820533  20.399783  25.794449  120.422768
0.454545  0.000000  0.000000  0.000000  -34.680711  0.538841  4.202996  47.585700  5.930813  -2.103513  -10.481727  23.434827  17.602126  25.855196  121.220816
0.484848  0.000000  0.000000  0.000000  -34.729392  0.754265  4.391932  47.334855  6.613232  -2.482974  -8.304940  25.850644  14.174834  25.708333  121.681547
0.515152  0.000000  0.000000  0.000000  -34.763402  0.988216  4.594793  47.052722  7.412122  -2.874580  -6.098807  28.192432  10.970332  25.415472  121.935640
0.545455  0.000000  0.000000  0.000000  -34.804149  1.237044  4.885746  46.898731  8.205401  -3.140432  -4.647777  30.558435  8.674539  25.032005  122.095027
0.575758  0.000000  0.000000  0.000000  -34.846510  1.490031  5.247355  46.838394  8.994423  -3.308199  -3.833932  32.917904  7.153786  24.582715  122.179355
0.606061  0.000000  0.000000  0.000000  -34.877211  1.734288  5.634051  46.777661  9.818452  -3.456399  -3.262189  35.200472  6.022659  24.082980  122.179925
0.636364  0.000000  0.000000  0.000000  -34.883777  1.957469  6.002267  46.626062  10.714989  -3.660345  -2.551179  37.337275  4.908331  23.548740  122.089360
0.666667  0.000000  0.000000  0.000000  -34.870716  2.158768  6.351105  46.369490  11.683815  -3.926893  -1.612483  39.291628  3.706780  23.007878  121.928528
0.696970  0.000000  0.000000  0.000000  -34.858775  2.348408  6.720467  46.066848  12.688655  -4.197458  -0.637748  41.057609  2.570961  22.499703  121.745299
0.727273  0.000000  0.000000  0.000000  -34.869346  2.537052  7.151867  45.779939  13.691802  -4.410846  0.170234  42.630533  1.664063  22.063965  121.588612
0.757576  0.000000  0.000000  0.000000  -34.918221  2.731163  7.664788  45.544891  14.673078  -4.521773  0.687341  44.009399  1.081058  21.724974  121.492227
0.787879  0.000000  0.000000  0.000000  -35.004716  2.924850  8.213903  45.322314  15.663858  -4.531749  1.020871  45.204058  0.716251  21.461617  121.445263
0.818182  0.000000  0.000000  0.000000  -35.125135  3.109964  8.742025  45.059002  16.704952  -4.450845  1.320461  46.226341  0.427236  21.244474  121.428670
0.848485  0.000000  0.000000  0.000000  -35.275739  3.279325  9.198613  44.708434  17.830730  -4.289431  1.721465  47.088961  0.084741  21.046114  121.424782
0.878788  0.000000  0.000000  0.000000  -35.452353  3.436145  9.604232  44.295661  19.006645  -4.061068  2.206317  47.814020  -0.299887  20.860434  121.430725
0.909091  0.000000  0.000000  0.000000  -35.650537  3.589941  10.022585  43.889153  20.156341  -3.781256  2.664685  48.429322  -0.630000  20.694266  121.452599
0.939394  0.000000  0.000000  0.000000  -35.865797  3.750276  10.517604  43.557572  21.203279  -3.465517  2.985603  48.962626  -0.808393  20.554556  121.496559
0.969697  0.000000  0.000000  0.000000  -36.088963  3.922695  11.117729  43.330088  22.108902  -3.129116  3.121072  49.429828  -0.798560  20.441847  121.561949
1.000000  0.000000  0.000000  0.000000  -36.302400  4.105477  11.787169  43.164407  22.903397  -2.786840  3.137048  49.825365  -0.673831  20.345092  121.635788
1.030303  0.000000  0.000000  0.000000  -36.487583  4.296138  12.483370  43.010709  23.624187  -2.453428  3.111484  50.141411  -0.519104  20.252025  121.703796
1.060606  0.000000  0.000000  0.000000  -36.629227  4.492462  13.165339  42.826631  24.303168  -2.141801  3.112043  50.375325  -0.408432  20.151873  121.753925
1.090909  0.000000  0.000000  0.000000  -36.731746  4.693887  13.801564  42.615115  24.938641  -1.853813  3.143845  50.555971  -0.349962  20.042964  121.787691
1.121212  0.000000  0.000000  0.000000  -36.806954  4.900470  14.364097  42.396130  25.516281  -1.587160  3.188515  50.724049  -0.327078  19.927039  121.811710
1.151515  0.000000  0.000000  0.000000  -36.866485  5.112133  14.825977  42.189297  26.022243  -1.339585  3.228007  50.918919  -0.323144  19.806061  121.832495
1.181818  0.000000  0.000000  0.000000  -36.916248  5.324717  15.189347  42.003056  26.457518  -1.110364  3.255418  51.139533  -0.322255  19.688398  121.853379
1.212121  0.000000  0.000000  0.000000  -36.955596  5.529395  15.489668  41.833048  26.840078  -0.900528  3.276596  51.338588  -0.309340  19.589745  121.874046
1.242424  0.000000  0.000000  0.000000  -36.983524  5.717085  15.764224  41.674212  27.188828  -0.711205  3.298089  51.466250  -0.269377  19.526195  121.893983
1.272727  0.000000  0.000000  0.000000  -36.999001  5.880990  16.039179  41.522171  27.516216  -0.544952  3.325078  51.489923  -0.192263  19.506291  121.913334
1.303030  0.000000  0.000000  0.000000  -37.000913  6.022566  16.300574  41.375015  27.811401  -0.409479  3.357824  51.439209  -0.085653  19.511320  121.934618
1.333333  0.000000  0.000000  0.000000  -36.988125  6.145130  16.525406  41.231389  28.058292  -0.313657  3.395475  51.357732  0.038796  19.516428  121.960889
1.363636  0.000000  0.000000  0.000000  -36.959857  6.251375  16.690269  41.090828  28.241109  -0.265422  3.436133  51.286532  0.169092  19.498886  121.994465
1.393939  0.000000  0.000000  0.000000  -36.920213  6.335404  16.766188  40.965137  28.348357  -0.259819  3.463430  51.231027  0.288611  19.465358  122.027502
1.424242  0.000000  0.000000  0.000000  -36.876856  6.385056  16.720127  40.875064  28.371666  -0.282498  3.450451  51.170669  0.377354  19.443923  122.044747
1.454545  0.000000  0.000000  0.000000  -36.837517  6.388062  16.519072  40.841506  28.302748  -0.318884  3.370106  51.084278  0.415273  19.463124  122.030840
1.484848  0.000000  0.000000  0.000000  -36.807555  6.338899  16.151996  40.874492  28.136135  -0.352761  3.207455  50.942742  0.387975  19.546144  121.982127
1.515152  0.000000  0.000000  0.000000  -36.787128  6.246802  15.655991  40.960269  27.872515  -0.364318  2.974156  50.699589  0.293433  19.704445  121.920570
1.545455  0.000000  0.000000  0.000000  -36.775709  6.122957  15.074517  41.081938  27.513396  -0.333268  2.685385  50.306047  0.131257  19.947939  121.871523
1.575758  0.000000  0.000000  0.000000  -36.772270  5.977619  14.447700  41.223246  27.059853  -0.243530  2.356132  49.718005  -0.097807  20.286808  121.855228
1.606061  0.000000  0.000000  0.000000  -36.772013  5.813977  13.790469  41.372808  26.509714  -0.110789  1.999990  48.926536  -0.384447  20.733271  121.853304
1.636364  0.000000  0.000000  0.000000  -36.768416  5.631992  13.106241  41.521466  25.859321  0.034755  1.629912  47.938789  -0.715432  21.300485  121.829723
1.666667  0.000000  0.000000  0.000000  -36.754940  5.431630  12.398105  41.660357  25.105310  0.163425  1.258325  46.762524  -1.077155  22.001118  121.750513
1.696970  0.000000  0.000000  0.000000  -36.724694  5.213752  11.657176  41.793066  24.257500  0.271965  0.874728  45.428583  -1.440149  22.826283  121.676416
1.727273  0.000000  0.000000  0.000000  -36.670300  4.980447  10.858154  41.940260  23.343798  0.393369  0.437157  43.999482  -1.753198  23.737520  121.798104
1.757576  0.000000  0.000000  0.000000  -36.584345  4.733896  9.974545  42.123846  22.393422  0.563252  -0.098632  42.540028  -1.963507  24.694223  122.315660
1.787879  0.000000  0.000000  0.000000  -36.461762  4.474594  8.992318  42.361256  21.431376  0.799011  -0.753251  41.106970  -2.037583  25.649174  123.343407
1.818182  0.000000  0.000000  0.000000  -36.307883  4.195561  7.952704  42.650086  20.463965  1.037199  -1.442477  39.721288  -2.027551  26.525807  124.615189
1.848485  0.000000  0.000000  0.000000  -36.130926  3.887748  6.912260  42.982437  19.492308  1.191959  -2.053029  38.394050  -2.009269  27.239420  125.759383
1.878788  0.000000  0.000000  0.000000  -35.939063  3.542796  5.925566  43.350125  18.517999  1.182077  -2.477069  37.136111  -2.055175  27.708960  126.421859
1.909091  0.000000  0.000000  0.000000  -35.739677  3.164947  5.011195  43.739849  17.551260  1.011091  -2.706084  35.954476  -2.175251  27.919984  126.567796
1.939394  0.000000  0.000000  0.000000  -35.539455  2.769456  4.156257  44.133839  16.609848  0.756584  -2.818344  34.852784  -2.324916  27.916241  126.441346
1.969697  0.000000  0.000000  0.000000  -35.345061  2.371941  3.346820  44.514181  15.711768  0.498586  -2.895001  33.834549  -2.457784  27.743430  126.295899
2.000000  0.000000  0.000000  0.000000  -35.161824  1.984082  2.577882  44.868112  14.870889  0.291674  -2.997595  32.894696  -2.545369  27.441824  126.300048
2.030303  0.000000  0.000000  0.000000  -34.991525  1.607085  1.868206  45.196578  14.090070  0.122697  -3.135451  32.005308  -2.606833  27.037264  126.396714
2.060606  0.000000  0.000000  0.000000  -34.835357  1.240430  1.240467  45.502780  13.370357  -0.032646  -3.309305  31.134705  -2.669174  26.553213  126.491687
2.090909  0.000000  0.000000  0.000000  -34.694205  0.884356  0.713734  45.789395  12.713408  -0.195759  -3.518656  30.252527  -2.756939  26.012938  126.501856
2.121212  0.000000  0.000000  0.000000  -34.565971  0.546281  0.272833  46.054130  12.126652  -0.360557  -3.751224  29.340925  -2.871391  25.437810  126.449537
2.151515  0.000000  0.000000  0.000000  -34.446911  0.237596  -0.116328  46.291947  11.620711  -0.505766  -3.988221  28.388961  -3.000922  24.848157  126.415302
2.181818  0.000000  0.000000  0.000000  -34.333266  -0.030350  -0.487426  46.497714  11.205900  -0.610336  -4.210917  27.385688  -3.133343  24.264178  126.478734
2.212121  0.000000  0.000000  0.000000  -34.221416  -0.251904  -0.830000  46.661999  10.868295  -0.680700  -4.409402  26.314188  -3.224639  23.697714  126.605080
2.242424  0.000000  0.000000  0.000000  -34.107968  -0.430813  -1.060830  46.768273  10.554008  -0.768592  -4.588307  25.147698  -3.178331  23.146833  126.571102
2.272727  0.000000  0.000000  0.000000  -33.989548  -0.571702  -1.089901  46.799346  10.205420  -0.929978  -4.753620  23.858538  -2.893041  22.608315  126.135959
2.303030  0.000000  0.000000  0.000000  -33.862734  -0.678645  -0.847990  46.742230  9.775615  -1.206292  -4.931845  22.426886  -2.265045  22.084691  125.115304
2.333333  0.000000  0.000000  0.000000  -33.723820  -0.752716  -0.379522  46.606921  9.276178  -1.559528  -5.261603  20.875888  -1.177813  21.609933  123.633606
2.363636  0.000000  0.000000  0.000000  -33.569003  -0.793973  0.232445  46.411229  8.738583  -1.924677  -5.919634  19.243296  0.489542  21.228700  121.920320
2.393939  0.000000  0.000000  0.000000  -33.394632  -0.802565  0.904925  46.172171  8.195090  -2.238821  -7.071065  17.565535  2.846705  20.984179  120.203176
2.424242  0.000000  0.000000  0.000000  -33.200761  -0.781060  1.557558  45.886823  7.697173  -2.491879  -8.590275  15.845554  5.723557  20.882604  118.664778
2.454545  0.000000  0.000000  0.000000  -32.991321  -0.734556  2.112730  45.531403  7.316406  -2.729035  -10.047512  14.051291  8.657297  20.891553  117.440523
2.484848  0.000000  0.000000  0.000000  -32.770427  -0.668267  2.492966  45.081156  7.125298  -2.998073  -10.998748  12.149044  11.171389  20.976787  116.663568
2.515152  0.000000  0.000000  0.000000  -32.542731  -0.588395  2.650993  44.542611  7.163291  -3.330949  -11.154716  10.131947  12.948112  21.109380  116.400703
2.545455  0.000000  0.000000  0.000000  -32.314629  -0.504346  2.637877  44.024148  7.362165  -3.708097  -10.729990  8.080515  14.186793  21.277704  116.502654
2.575758  0.000000  0.000000  0.000000  -32.092876  -0.426181  2.524657  43.654839  7.631826  -4.099485  -10.041506  6.093012  15.191804  21.473643  116.776250
2.606061  0.000000  0.000000  0.000000  -31.884210  -0.363121  2.380159  43.554991  7.884219  -4.476848  -9.388678  4.264662  16.250137  21.688768  117.028010
2.636364  0.000000  0.000000  0.000000  -31.695221  -0.314244  2.246325  43.738658  8.055983  -4.833385  -8.858500  2.653810  17.438116  21.910780  117.060671
2.666667  0.000000  0.000000  0.000000  -31.532398  -0.271879  2.147220  44.149203  8.100183  -5.176572  -8.396653  1.294266  18.691915  22.124814  116.674456
2.696970  0.000000  0.000000  0.000000  -31.402179  -0.228267  2.106408  44.728698  7.970530  -5.514055  -7.946472  0.219162  19.945160  22.316058  115.671157
2.727273  0.000000  0.000000  0.000000  -31.304747  -0.180436  2.124431  45.417167  7.666229  -5.841880  -7.478407  -0.569592  21.129566  22.483147  114.066075
2.757576  0.000000  0.000000  0.000000  -31.227838  -0.134932  2.156051  46.150557  7.276973  -6.133023  -7.016836  -1.132180  22.173047  22.651447  112.299118
2.787879  0.000000  0.000000  0.000000  -31.157716  -0.099423  2.150613  46.864332  6.903153  -6.357735  -6.592514  -1.536125  23.003063  22.849489  110.860400
2.818182  0.000000  0.000000  0.000000  -31.083219  -0.080699  2.066562  47.498128  6.633260  -6.491456  -6.232168  -1.842572  23.561278  23.099367  110.168605
2.848485  0.000000  0.000000  0.000000  -31.010614  -0.079595  1.923934  48.019799  6.475230  -6.544769  -5.935256  -2.069479  23.885468  23.379610  110.158901
2.878788  0.000000  0.000000  0.000000  -30.953391  -0.094478  1.768302  48.408903  6.403598  -6.542829  -5.689929  -2.216899  24.053267  23.650680  110.565957
2.909091  0.000000  0.000000  0.000000  -30.925065  -0.123707  1.645323  48.645033  6.392789  -6.510836  -5.484304  -2.284825  24.142435  23.872985  111.123798
2.939394  0.000000  0.000000  0.000000  -30.939150  -0.165638  1.600654  48.707785  6.417231  -6.473994  -5.306494  -2.273252  24.230734  24.006929  111.566450
2.969697  0.000000  0.000000  0.000000  -31.009159  -0.218632  1.679950  48.576752  6.451350  -6.457503  -5.144615  -2.182173  24.395925  24.012919  111.627936
3.000000  0.000000  0.000000  0.000000  -31.148609  -0.281046  1.928868  48.231531  6.469572  -6.486564  -4.986783  -2.011582  24.715771  23.851361  111.042283
