simulation
nRows=100
nColumns=15
endheader
time  TH_x TH_y TH_z SC_y  SC_z  SC_x  AC_y  AC_z  AC_x  GH_y  GH_z  GH_yy  EL_x  PS_y
0.000000  0.000000  0.000000  0.000000  -28.961482  -1.135444  3.078792  57.123783  5.096749  -6.972061  24.793485  7.139532  15.072894  27.101821  135.646795
0.039394  0.000000  0.000000  0.000000  -28.854323  -1.106065  3.159187  56.795094  5.120679  -7.340136  24.023318  5.552619  16.591269  26.332920  135.239161
0.078788  0.000000  0.000000  0.000000  -28.766147  -1.100292  3.249983  56.562673  5.099740  -7.566070  23.794558  4.542679  17.247647  25.728740  134.895405
0.118182  0.000000  0.000000  0.000000  -28.695069  -1.114929  3.351654  56.423273  5.048275  -7.665695  24.048585  4.066765  17.118837  25.272718  134.607378
0.157576  0.000000  0.000000  0.000000  -28.639203  -1.146777  3.464673  56.373652  4.980629  -7.654841  24.726779  4.081930  16.281647  24.948289  134.366929
0.196970  0.000000  0.000000  0.000000  -28.596662  -1.192640  3.589513  56.410562  4.911147  -7.549339  25.770522  4.545224  14.812885  24.738889  134.165908
0.236364  0.000000  0.000000  0.000000  -28.565561  -1.249320  3.726648  56.530760  4.854174  -7.365020  27.121194  5.413702  12.789359  24.627954  133.996166
0.275758  0.000000  0.000000  0.000000  -28.544014  -1.313620  3.876552  56.731000  4.824055  -7.117713  28.720175  6.644415  10.287878  24.598920  133.849552
0.315152  0.000000  0.000000  0.000000  -28.530134  -1.382344  4.039697  57.008037  4.835133  -6.823251  30.508845  8.194416  7.385250  24.635224  133.717916
0.354545  0.000000  0.000000  0.000000  -28.522035  -1.452293  4.216557  57.358627  4.901755  -6.497462  32.428587  10.020758  4.158282  24.720300  133.593108
0.393939  0.000000  0.000000  0.000000  -28.517832  -1.520270  4.407606  57.779523  5.038265  -6.156179  34.420780  12.080492  0.683784  24.837586  133.466978
0.433333  0.000000  0.000000  0.000000  -28.515639  -1.583078  4.613318  58.267482  5.259007  -5.815232  36.426804  14.330672  -2.961438  24.970517  133.331375
0.472727  0.000000  0.000000  0.000000  -28.513570  -1.637521  4.834164  58.819258  5.578327  -5.490451  38.388041  16.728350  -6.700573  25.102528  133.178149
0.512121  0.000000  0.000000  0.000000  -28.509738  -1.680400  5.070620  59.431606  6.010568  -5.197667  40.245870  19.230578  -10.456816  25.217057  132.999151
0.551515  0.000000  0.000000  0.000000  -28.502257  -1.708519  5.323157  60.101281  6.570077  -4.952710  41.941674  21.794408  -14.153356  25.297539  132.786230
0.590909  0.000000  0.000000  0.000000  -28.489715  -1.719163  5.592323  60.823340  7.267192  -4.768545  43.425016  24.379228  -17.719613  25.330189  132.533397
0.630303  0.000000  0.000000  0.000000  -28.473611  -1.712599  5.879107  61.582358  8.087543  -4.640435  44.695974  26.958828  -21.123426  25.318379  132.247996
0.669697  0.000000  0.000000  0.000000  -28.456557  -1.690230  6.184670  62.358918  9.007338  -4.556903  45.773874  29.512491  -24.347278  25.272018  131.942454
0.709091  0.000000  0.000000  0.000000  -28.441167  -1.653462  6.510172  63.133593  10.002771  -4.506456  46.678081  32.019507  -27.373681  25.201026  131.629207
0.748485  0.000000  0.000000  0.000000  -28.430055  -1.603700  6.856773  63.886956  11.050032  -4.477603  47.427958  34.459169  -30.185148  25.115325  131.320691
0.787879  0.000000  0.000000  0.000000  -28.425834  -1.542348  7.225635  64.599582  12.125312  -4.458851  48.042870  36.810768  -32.764188  25.024836  131.029343
0.827273  0.000000  0.000000  0.000000  -28.431118  -1.470812  7.617917  65.252045  13.204805  -4.438708  48.542182  39.053597  -35.093316  24.939482  130.767598
0.866667  0.000000  0.000000  0.000000  -28.448305  -1.390053  8.034454  65.826491  14.266261  -4.406030  48.944177  41.168585  -37.158019  24.868024  130.545973
0.906061  0.000000  0.000000  0.000000  -28.478117  -1.297593  8.473555  66.317241  15.299516  -4.352361  49.258787  43.149339  -38.966835  24.810266  130.360115
0.945455  0.000000  0.000000  0.000000  -28.520498  -1.189351  8.932350  66.724297  16.300038  -4.270502  49.492046  44.995377  -40.539050  24.761827  130.198740
0.984848  0.000000  0.000000  0.000000  -28.575385  -1.061236  9.407965  67.047689  17.263328  -4.153259  49.649966  46.706251  -41.894012  24.718306  130.050522
1.024242  0.000000  0.000000  0.000000  -28.642718  -0.909157  9.897524  67.287451  18.184886  -3.993438  49.738558  48.281513  -43.051067  24.675300  129.904136
1.063636  0.000000  0.000000  0.000000  -28.722433  -0.729023  10.398151  67.443613  19.060215  -3.783847  49.763836  49.720717  -44.029562  24.628406  129.748258
1.103030  0.000000  0.000000  0.000000  -28.814470  -0.516745  10.906970  67.516210  19.884814  -3.517292  49.731810  51.023412  -44.848845  24.573223  129.571563
1.142424  0.000000  0.000000  0.000000  -28.918620  -0.269323  11.421080  67.506421  20.654767  -3.187884  49.648647  52.189736  -45.527765  24.505395  129.364216
1.181818  0.000000  0.000000  0.000000  -29.033235  0.005494  11.937313  67.426717  21.371879  -2.802542  49.522017  53.225549  -46.080281  24.421028  129.131034
1.221212  0.000000  0.000000  0.000000  -29.155849  0.293864  12.452355  67.295976  22.041205  -2.375459  49.360450  54.139964  -46.517574  24.316491  128.885146
1.260606  0.000000  0.000000  0.000000  -29.283990  0.581873  12.962888  67.133150  22.667835  -1.920909  49.172480  54.942129  -46.850796  24.188158  128.639778
1.300000  0.000000  0.000000  0.000000  -29.415181  0.855607  13.465594  66.957189  23.256861  -1.453165  48.966647  55.641195  -47.091098  24.032399  128.408155
1.339394  0.000000  0.000000  0.000000  -29.546950  1.101152  13.957156  66.787046  23.813372  -0.986504  48.751485  56.246311  -47.249629  23.845587  128.203502
1.378788  0.000000  0.000000  0.000000  -29.676820  1.304595  14.434257  66.641672  24.342460  -0.535199  48.535534  56.766625  -47.337541  23.624095  128.039046
1.418182  0.000000  0.000000  0.000000  -29.802513  1.453170  14.893185  66.538910  24.848510  -0.113186  48.327220  57.210951  -47.365982  23.365189  127.926875
1.457576  0.000000  0.000000  0.000000  -29.924211  1.548674  15.325230  66.482540  25.326959  0.269890  48.133594  57.583819  -47.346078  23.077507  127.864678
1.496970  0.000000  0.000000  0.000000  -30.043789  1.602920  15.718247  66.466673  25.767088  0.607338  47.960758  57.886818  -47.288940  22.777499  127.840242
1.536364  0.000000  0.000000  0.000000  -30.163156  1.627915  16.060022  66.485232  26.158062  0.892523  47.814797  58.121477  -47.205676  22.481772  127.841159
1.575758  0.000000  0.000000  0.000000  -30.284222  1.635665  16.338343  66.532140  26.489041  1.118812  47.701795  58.289328  -47.107397  22.206930  127.855021
1.615152  0.000000  0.000000  0.000000  -30.408896  1.638179  16.540995  66.601319  26.749189  1.279569  47.627835  58.391902  -47.005212  21.969578  127.869422
1.654545  0.000000  0.000000  0.000000  -30.539087  1.647464  16.655766  66.686690  26.927667  1.368160  47.599001  58.430728  -46.910231  21.786322  127.871952
1.693939  0.000000  0.000000  0.000000  -30.676302  1.674860  16.670847  66.782038  27.014291  1.378494  47.620950  58.406786  -46.832446  21.672958  127.851070
1.733333  0.000000  0.000000  0.000000  -30.815296  1.720494  16.581225  66.878822  27.009836  1.313609  47.692135  58.311799  -46.763082  21.631725  127.809753
1.772727  0.000000  0.000000  0.000000  -30.945225  1.775186  16.387527  66.966571  26.924171  1.184117  47.805039  58.129808  -46.677793  21.653613  127.763024
1.812121  0.000000  0.000000  0.000000  -31.055073  1.829478  16.090548  67.034757  26.767441  1.000857  47.951963  57.844622  -46.551761  21.729268  127.726274
1.851515  0.000000  0.000000  0.000000  -31.133825  1.873909  15.691087  67.072852  26.549791  0.774672  48.125205  57.440050  -46.360168  21.849337  127.714893
1.890909  0.000000  0.000000  0.000000  -31.170465  1.899020  15.189939  67.070327  26.281367  0.516402  48.317068  56.899902  -46.078195  22.004469  127.744271
1.930303  0.000000  0.000000  0.000000  -31.153978  1.895351  14.587902  67.016653  25.972312  0.236888  48.519851  56.207986  -45.681025  22.185311  127.829797
1.969697  0.000000  0.000000  0.000000  -31.073831  1.853740  13.886161  66.901725  25.632414  -0.053084  48.725660  55.348806  -45.144438  22.382566  127.986327
2.009091  0.000000  0.000000  0.000000  -30.930562  1.771849  13.094842  66.725177  25.263227  -0.343998  48.922137  54.322829  -44.457983  22.588216  128.216462
2.048485  0.000000  0.000000  0.000000  -30.735784  1.654171  12.233008  66.496381  24.858073  -0.627606  49.092456  53.146488  -43.624976  22.795522  128.510543
2.087879  0.000000  0.000000  0.000000  -30.501590  1.505492  11.320114  66.225132  24.409915  -0.895716  49.219597  51.836912  -42.649333  22.997801  128.858377
2.127273  0.000000  0.000000  0.000000  -30.240074  1.330600  10.375612  65.921224  23.911717  -1.140135  49.286541  50.411226  -41.534969  23.188368  129.249774
2.166667  0.000000  0.000000  0.000000  -29.963330  1.134284  9.418957  65.594455  23.356442  -1.352672  49.276268  48.886558  -40.285800  23.360541  129.674541
2.206061  0.000000  0.000000  0.000000  -29.683451  0.921330  8.469602  65.254618  22.737055  -1.525133  49.171759  47.280035  -38.905740  23.507636  130.122487
2.245455  0.000000  0.000000  0.000000  -29.412433  0.696524  7.546803  64.911361  22.046682  -1.649692  48.956122  45.608747  -37.398608  23.623302  130.583400
2.284848  0.000000  0.000000  0.000000  -29.159021  0.464576  6.663342  64.569398  21.283866  -1.730550  48.616659  43.888588  -35.764994  23.712164  131.046373
2.324242  0.000000  0.000000  0.000000  -28.928043  0.230104  5.824191  64.227503  20.453676  -1.786413  48.145730  42.134003  -34.001603  23.792080  131.499665
2.363636  0.000000  0.000000  0.000000  -28.724095  -0.002278  5.033861  63.884095  19.561569  -1.836846  47.535996  40.359353  -32.104905  23.881693  131.931486
2.403030  0.000000  0.000000  0.000000  -28.551771  -0.227957  4.296860  63.537594  18.613002  -1.901416  46.780116  38.579001  -30.071373  23.999647  132.330043
2.442424  0.000000  0.000000  0.000000  -28.415667  -0.442320  3.617697  63.186420  17.613433  -1.999691  45.870750  36.807306  -27.897479  24.164584  132.683547
2.481818  0.000000  0.000000  0.000000  -28.320379  -0.640753  3.000881  62.828991  16.568318  -2.151235  44.800561  35.058629  -25.579694  24.395150  132.980206
2.521212  0.000000  0.000000  0.000000  -28.270400  -0.818675  2.450893  62.463677  15.483212  -2.375363  43.562491  33.347077  -23.114780  24.709600  133.208428
2.560606  0.000000  0.000000  0.000000  -28.265101  -0.973111  1.970757  62.086253  14.368616  -2.678433  42.163933  31.673757  -20.514254  25.106468  133.366801
2.600000  0.000000  0.000000  0.000000  -28.296397  -1.103423  1.561377  61.688724  13.242224  -3.047962  40.633298  30.020872  -17.811100  25.555600  133.468717
2.639394  0.000000  0.000000  0.000000  -28.355617  -1.209156  1.223491  61.262797  12.122300  -3.469982  39.000653  28.369133  -15.039992  26.024579  133.528735
2.678788  0.000000  0.000000  0.000000  -28.434089  -1.289857  0.957837  60.800179  11.027105  -3.930524  37.296064  26.699252  -12.235604  26.480989  133.561414
2.718182  0.000000  0.000000  0.000000  -28.523141  -1.345071  0.765153  60.292577  9.974901  -4.415620  35.549599  24.991940  -9.432611  26.892413  133.581313
2.757576  0.000000  0.000000  0.000000  -28.614100  -1.374345  0.646175  59.731699  8.983953  -4.911302  33.791325  23.227909  -6.665688  27.226435  133.602992
2.796970  0.000000  0.000000  0.000000  -28.698338  -1.377247  0.601610  59.109358  8.072433  -5.403651  32.051117  21.388060  -3.969335  27.450843  133.640899
2.836364  0.000000  0.000000  0.000000  -28.770933  -1.355201  0.629380  58.426754  7.250833  -5.883055  30.342212  19.469781  -1.363010  27.551274  133.699936
2.875758  0.000000  0.000000  0.000000  -28.833496  -1.312908  0.722505  57.701617  6.516109  -6.347490  28.648532  17.499506  1.160338  27.544811  133.768181
2.915152  0.000000  0.000000  0.000000  -28.888305  -1.255400  0.873502  56.953361  5.863838  -6.795704  26.951014  15.506628  3.610458  27.451737  133.831997
2.954545  0.000000  0.000000  0.000000  -28.937634  -1.187712  1.074893  56.201398  5.289599  -7.226445  25.230595  13.520539  5.997100  27.292334  133.877750
2.993939  0.000000  0.000000  0.000000  -28.983761  -1.114876  1.319196  55.465143  4.788968  -7.638463  23.468213  11.570631  8.330013  27.086886  133.891806
3.033333  0.000000  0.000000  0.000000  -29.028962  -1.041926  1.598930  54.764009  4.357525  -8.030505  21.644803  9.686297  10.618946  26.855676  133.860528
3.072727  0.000000  0.000000  0.000000  -29.075505  -0.973885  1.906613  54.117380  3.990843  -8.401304  19.741413  7.896894  12.873523  26.618965  133.770306
3.112121  0.000000  0.000000  0.000000  -29.124212  -0.914085  2.234284  53.539582  3.683732  -8.746944  17.758310  6.225860  15.081293  26.392996  133.611846
3.151515  0.000000  0.000000  0.000000  -29.172803  -0.862230  2.572954  53.034089  3.429371  -9.057823  15.736975  4.683936  17.182475  26.185400  133.385104
3.190909  0.000000  0.000000  0.000000  -29.218600  -0.817557  2.913503  52.602977  3.220726  -9.323609  13.724213  3.280222  19.111172  26.002698  133.091233
3.230303  0.000000  0.000000  0.000000  -29.258923  -0.779302  3.246813  52.248319  3.050764  -9.533966  11.766831  2.023820  20.801489  25.851407  132.731387
3.269697  0.000000  0.000000  0.000000  -29.291091  -0.746701  3.563763  51.972190  2.912451  -9.678561  9.911633  0.923831  22.187528  25.738047  132.306717
3.309091  0.000000  0.000000  0.000000  -29.312426  -0.718990  3.855234  51.776664  2.798753  -9.747058  8.205425  -0.010645  23.203394  25.669136  131.818376
3.348485  0.000000  0.000000  0.000000  -29.320250  -0.695405  4.112111  51.663805  2.702642  -9.729137  6.694988  -0.770523  23.783254  25.651188  131.267512
3.387879  0.000000  0.000000  0.000000  -29.313205  -0.675439  4.328475  51.631569  2.619044  -9.620937  5.414927  -1.354289  23.893980  25.687264  130.651974
3.427273  0.000000  0.000000  0.000000  -29.293397  -0.659259  4.506783  51.667115  2.548026  -9.435558  4.367889  -1.780309  23.588259  25.771372  129.960966
3.466667  0.000000  0.000000  0.000000  -29.263491  -0.647137  4.650851  51.755855  2.490483  -9.188843  3.551346  -2.070167  22.932684  25.896054  129.182289
3.506061  0.000000  0.000000  0.000000  -29.226153  -0.639348  4.764494  51.883200  2.447312  -8.896640  2.962768  -2.245448  21.993847  26.053850  128.303746
3.545455  0.000000  0.000000  0.000000  -29.184049  -0.636166  4.851529  52.034563  2.419412  -8.574792  2.599627  -2.327735  20.838340  26.237303  127.313138
3.584848  0.000000  0.000000  0.000000  -29.139844  -0.637866  4.915770  52.195355  2.407678  -8.239146  2.459393  -2.338614  19.532757  26.438954  126.198268
3.624242  0.000000  0.000000  0.000000  -29.096205  -0.644721  4.961033  52.350988  2.413007  -7.905548  2.539537  -2.299669  18.143689  26.651344  124.946937
3.663636  0.000000  0.000000  0.000000  -29.055798  -0.657006  4.991134  52.486874  2.436298  -7.589842  2.837530  -2.232484  16.737729  26.867014  123.546947
3.703030  0.000000  0.000000  0.000000  -29.021287  -0.674996  5.009889  52.588424  2.478446  -7.307875  3.350842  -2.158645  15.381470  27.078506  121.986099
3.742424  0.000000  0.000000  0.000000  -28.995340  -0.698964  5.021113  52.641051  2.540348  -7.075492  4.076944  -2.099735  14.141503  27.278361  120.252197
3.781818  0.000000  0.000000  0.000000  -28.980621  -0.729184  5.028621  52.630165  2.622902  -6.908538  5.013308  -2.077340  13.084423  27.459121  118.333041
3.821212  0.000000  0.000000  0.000000  -28.979797  -0.765931  5.036230  52.541179  2.727005  -6.822858  6.157403  -2.113043  12.276820  27.613326  116.216434
3.860606  0.000000  0.000000  0.000000  -28.995534  -0.809479  5.047754  52.359505  2.853554  -6.834299  7.506701  -2.228429  11.785288  27.733519  113.890177
3.900000  0.000000  0.000000  0.000000  -29.030497  -0.860102  5.067010  52.070554  3.003445  -6.958706  9.058673  -2.445083  11.676419  27.812240  111.342073
