simulation
nRows=100
nColumns=15
endheader
time  TH_x TH_y TH_z SC_y  SC_z  SC_x  AC_y  AC_z  AC_x  GH_y  GH_z  GH_yy  EL_x  PS_y
0.000000  0.000000  0.000000  0.000000  -31.466906  -1.359473  6.581502  66.929759  21.278858  2.654660  48.031090  49.548269  -52.649217  24.035837  79.890004
0.040404  0.000000  0.000000  0.000000  -31.293726  -1.426127  6.731827  66.857179  21.372161  2.609237  48.254394  49.183120  -52.983916  24.446491  79.531504
0.080808  0.000000  0.000000  0.000000  -31.111281  -1.423182  6.799703  66.589265  21.465487  2.641260  48.395165  48.973062  -52.972871  24.655273  79.851941
0.121212  0.000000  0.000000  0.000000  -30.918758  -1.347363  6.813299  66.181774  21.582796  2.729918  48.435711  48.911246  -52.630329  24.714290  80.735664
0.161616  0.000000  0.000000  0.000000  -30.715344  -1.195391  6.800785  65.690462  21.748048  2.854400  48.358341  48.990822  -51.970538  24.675649  82.067019
0.202020  0.000000  0.000000  0.000000  -30.500223  -0.963992  6.790328  65.171086  21.985203  2.993895  48.145362  49.204944  -51.007745  24.591457  83.730352
0.242424  0.000000  0.000000  0.000000  -30.272582  -0.649887  6.810098  64.679403  22.318223  3.127592  47.779083  49.546761  -49.756200  24.513822  85.610011
0.282828  0.000000  0.000000  0.000000  -30.031620  -0.249819  6.888235  64.271107  22.771030  3.234736  47.241914  50.009395  -48.230287  24.494788  87.590398
0.323232  0.000000  0.000000  0.000000  -29.780043  0.234302  7.044016  63.982944  23.356360  3.312337  46.548094  50.577025  -46.486859  24.566738  89.573512
0.363636  0.000000  0.000000  0.000000  -29.529025  0.788085  7.275337  63.805953  24.059966  3.400246  45.788620  51.212252  -44.685188  24.714639  91.503781
0.404040  0.000000  0.000000  0.000000  -29.290992  1.395302  7.576939  63.724421  24.863614  3.544640  45.065825  51.874492  -42.999675  24.916456  93.331901
0.444444  0.000000  0.000000  0.000000  -29.079630  2.037453  7.942192  63.726524  25.750473  3.789266  44.475083  52.527272  -41.587427  25.148394  95.017387
0.484848  0.000000  0.000000  0.000000  -28.919293  2.676863  8.352893  63.833318  26.715567  4.157295  44.052872  53.168878  -40.459297  25.371785  96.594348
0.525253  0.000000  0.000000  0.000000  -28.839704  3.266216  8.785021  64.082389  27.759879  4.661555  43.806061  53.815079  -39.552595  25.540479  98.134396
0.565657  0.000000  0.000000  0.000000  -28.870200  3.758468  9.214919  64.511119  28.883913  5.314166  43.741279  54.481453  -38.804438  25.608596  99.707579
0.606061  0.000000  0.000000  0.000000  -29.016725  4.125846  9.641686  65.138440  30.059026  6.092501  43.864398  55.165885  -38.172204  25.548098  101.281499
0.646465  0.000000  0.000000  0.000000  -29.250048  4.369540  10.098623  65.955554  31.212764  6.921695  44.180153  55.839660  -37.643722  25.357771  102.669761
0.686869  0.000000  0.000000  0.000000  -29.538043  4.493130  10.621855  66.951378  32.269059  7.722574  44.693185  56.471868  -37.209332  25.038611  103.673268
0.727273  0.000000  0.000000  0.000000  -29.848539  4.506932  11.221043  68.103751  33.176176  8.431749  45.398771  57.038023  -36.863888  24.598675  104.186750
0.767677  0.000000  0.000000  0.000000  -30.149164  4.454416  11.775591  69.335992  34.002146  9.063524  46.246101  57.545242  -36.624466  24.080749  104.566776
0.808081  0.000000  0.000000  0.000000  -30.407487  4.389240  12.124897  70.554677  34.851788  9.656068  47.170209  58.010352  -36.514968  23.538288  105.311774
0.848485  0.000000  0.000000  0.000000  -30.592137  4.363124  12.116790  71.668457  35.823766  10.244790  48.106866  58.449653  -36.556213  23.022732  106.893188
0.888889  0.000000  0.000000  0.000000  -30.694318  4.386622  11.778447  72.630199  36.885786  10.806410  49.007583  58.868156  -36.703553  22.542642  109.208499
0.929293  0.000000  0.000000  0.000000  -30.726815  4.430932  11.308507  73.435043  37.880352  11.261538  49.838921  59.260080  -36.849744  22.065588  111.606475
0.969697  0.000000  0.000000  0.000000  -30.703278  4.465686  10.912411  74.079817  38.645005  11.528564  50.568043  59.619209  -36.885080  21.557516  113.414113
1.010101  0.000000  0.000000  0.000000  -30.637392  4.470312  10.725266  74.557788  39.074736  11.562088  51.160392  59.933875  -36.747207  21.006879  114.203878
1.050505  0.000000  0.000000  0.000000  -30.542946  4.453060  10.675277  74.851752  39.233540  11.423202  51.576356  60.176369  -36.513067  20.468336  114.270275
1.090909  0.000000  0.000000  0.000000  -30.433753  4.427451  10.652797  74.942585  39.216325  11.192485  51.775401  60.316050  -36.285087  20.008658  114.039910
1.131313  0.000000  0.000000  0.000000  -30.322983  4.406746  10.555010  74.812077  39.110732  10.947978  51.723941  60.324156  -36.160700  19.689349  113.908182
1.171717  0.000000  0.000000  0.000000  -30.216976  4.401420  10.352248  74.451788  38.926561  10.740553  51.462835  60.192073  -36.183900  19.515514  113.936431
1.212121  0.000000  0.000000  0.000000  -30.117928  4.420257  10.059217  73.859204  38.626391  10.604601  51.078094  59.923401  -36.366262  19.458048  113.983350
1.252525  0.000000  0.000000  0.000000  -30.028098  4.471786  9.691225  73.032169  38.172585  10.573771  50.656436  59.522008  -36.719503  19.487477  113.905258
1.292929  0.000000  0.000000  0.000000  -29.961413  4.542782  9.261853  71.994821  37.569686  10.633336  50.291222  59.000388  -37.312099  19.584867  113.603216
1.333333  0.000000  0.000000  0.000000  -29.952908  4.580649  8.781550  70.818867  36.898576  10.681018  50.087848  58.386657  -38.315235  19.750366  113.059244
1.373737  0.000000  0.000000  0.000000  -30.039842  4.528644  8.260437  69.581026  36.248170  10.605324  50.152973  57.710577  -39.910911  19.986128  112.263887
1.414141  0.000000  0.000000  0.000000  -30.249514  4.340772  7.708444  68.357729  35.692993  10.315818  50.566113  56.993561  -42.235414  20.295792  111.220889
1.454545  0.000000  0.000000  0.000000  -30.548680  4.036350  7.134337  67.223654  35.220079  9.850049  51.241808  56.206313  -45.147201  20.692001  110.014190
1.494949  0.000000  0.000000  0.000000  -30.881351  3.659233  6.546446  66.252823  34.783593  9.293657  52.032612  55.300479  -48.400339  21.190786  108.757868
1.535354  0.000000  0.000000  0.000000  -31.192320  3.252730  5.953285  65.516938  34.338152  8.730937  52.793429  54.230287  -51.749231  21.806379  107.560803
1.575758  0.000000  0.000000  0.000000  -31.450866  2.842534  5.368893  65.018792  33.853610  8.203746  53.452342  53.027673  -54.963845  22.499439  106.375830
1.616162  0.000000  0.000000  0.000000  -31.654291  2.434179  4.813633  64.682314  33.317255  7.705365  54.021185  51.813519  -57.831956  23.169301  104.977179
1.656566  0.000000  0.000000  0.000000  -31.801432  2.032093  4.308212  64.427107  32.717333  7.226411  54.516386  50.713581  -60.142322  23.711943  103.129293
1.696970  0.000000  0.000000  0.000000  -31.893293  1.641546  3.868565  64.197727  32.050718  6.768477  54.936942  49.819882  -61.742248  24.048231  100.697887
1.737374  0.000000  0.000000  0.000000  -31.938687  1.270844  3.493405  64.028730  31.345420  6.372730  55.218971  49.102767  -62.690258  24.188820  97.913989
1.777778  0.000000  0.000000  0.000000  -31.948189  0.928974  3.177563  63.974959  30.636465  6.089265  55.284423  48.505153  -63.092487  24.164605  95.090975
1.818182  0.000000  0.000000  0.000000  -31.932729  0.624647  2.915838  64.085223  29.958501  5.963098  55.066114  47.974390  -63.058892  24.007543  92.528859
1.858586  0.000000  0.000000  0.000000  -31.908159  0.362726  2.702594  64.325016  29.340943  5.969214  54.646905  47.519006  -62.752208  23.764227  90.343220
1.898990  0.000000  0.000000  0.000000  -31.893919  0.145271  2.531874  64.599105  28.809391  6.031548  54.219023  47.192123  -62.373636  23.491924  88.515199
1.939394  0.000000  0.000000  0.000000  -31.909471  -0.025758  2.397732  64.811111  28.389240  6.073034  53.976860  47.047632  -62.125120  23.248049  87.022553
1.979798  0.000000  0.000000  0.000000  -31.962482  -0.154974  2.297082  64.910004  28.082535  6.047078  54.052910  47.091535  -62.182613  23.072195  85.778914
2.020202  0.000000  0.000000  0.000000  -32.034811  -0.261377  2.233100  64.943999  27.840219  5.973772  54.444195  47.225040  -62.665194  22.964941  84.557572
2.060606  0.000000  0.000000  0.000000  -32.104903  -0.365872  2.209794  64.974446  27.606476  5.882038  55.129812  47.335486  -63.684413  22.921706  83.113242
2.101010  0.000000  0.000000  0.000000  -32.148960  -0.486593  2.227053  65.059176  27.330215  5.799683  56.077352  47.320562  -65.310926  22.937056  81.233609
2.141414  0.000000  0.000000  0.000000  -32.126241  -0.620720  2.253670  65.229431  26.996078  5.746121  57.167442  47.156171  -67.306333  22.999127  78.955474
2.181818  0.000000  0.000000  0.000000  -31.988268  -0.755862  2.244225  65.504303  26.605030  5.736931  58.240975  46.853957  -69.291021  23.093115  76.429472
2.222222  0.000000  0.000000  0.000000  -31.687597  -0.879836  2.154232  65.902345  26.158025  5.787175  59.141284  46.425895  -70.889317  23.204014  73.803274
2.262626  0.000000  0.000000  0.000000  -31.224316  -0.991852  1.983457  66.421001  25.651830  5.889955  59.828269  45.890570  -71.931354  23.308517  71.068145
2.303030  0.000000  0.000000  0.000000  -30.663714  -1.106744  1.792381  67.028759  25.077462  6.008248  60.421744  45.275632  -72.529595  23.371934  68.000788
2.343434  0.000000  0.000000  0.000000  -30.075804  -1.240481  1.645879  67.692010  24.425523  6.102851  61.053110  44.609388  -72.816962  23.358750  64.362357
2.383838  0.000000  0.000000  0.000000  -29.528706  -1.409611  1.594227  68.383689  23.702605  6.138269  61.827695  43.923185  -72.916147  23.246062  60.020997
2.424242  0.000000  0.000000  0.000000  -29.082149  -1.633250  1.622923  69.105771  22.986244  6.095460  62.735172  43.261864  -72.904469  23.066935  55.319488
2.464646  0.000000  0.000000  0.000000  -28.793536  -1.931227  1.699504  69.868278  22.373640  5.959944  63.733151  42.674006  -72.846668  22.869944  50.732180
2.505051  0.000000  0.000000  0.000000  -28.714490  -2.320150  1.792579  70.679855  21.957656  5.718989  64.778668  42.206045  -72.805141  22.701860  46.717622
2.545455  0.000000  0.000000  0.000000  -28.791214  -2.757868  1.890287  71.524047  21.751978  5.391749  65.818273  41.865246  -72.799518  22.576473  43.445887
2.585859  0.000000  0.000000  0.000000  -28.877806  -3.150894  1.997829  72.362464  21.701118  5.025237  66.789362  41.624652  -72.812069  22.478760  40.835014
2.626263  0.000000  0.000000  0.000000  -28.825372  -3.404084  2.120969  73.155962  21.747269  4.667393  67.629056  41.456155  -72.823819  22.392751  38.794568
2.666667  0.000000  0.000000  0.000000  -28.545515  -3.462036  2.259198  73.855775  21.837843  4.359260  68.296461  41.333394  -72.823155  22.315220  37.238324
2.707071  0.000000  0.000000  0.000000  -28.110843  -3.375118  2.395306  74.387532  21.934137  4.123533  68.809173  41.234646  -72.818069  22.276857  36.091256
2.747475  0.000000  0.000000  0.000000  -27.620457  -3.211097  2.509337  74.672647  21.999732  3.979889  69.194417  41.138954  -72.819773  22.313935  35.280182
2.787879  0.000000  0.000000  0.000000  -27.175082  -3.034905  2.583784  74.645246  22.000827  3.946314  69.475082  41.026301  -72.837136  22.455273  34.739988
2.828283  0.000000  0.000000  0.000000  -26.890871  -2.884487  2.624403  74.360173  21.928449  4.024749  69.632897  40.885627  -72.856736  22.658915  34.482197
2.868687  0.000000  0.000000  0.000000  -26.892502  -2.782878  2.649804  73.938986  21.787349  4.208269  69.626848  40.710817  -72.852834  22.843793  34.560687
2.909091  0.000000  0.000000  0.000000  -27.302777  -2.752309  2.678754  73.502725  21.582556  4.489634  69.416320  40.496222  -72.800148  22.928758  35.030421
2.949495  0.000000  0.000000  0.000000  -28.104270  -2.768761  2.731340  73.085776  21.328492  4.845898  69.006409  40.265483  -72.715342  22.855942  35.992213
2.989899  0.000000  0.000000  0.000000  -29.048397  -2.731979  2.829829  72.579674  21.055064  5.228216  68.477560  40.090531  -72.684218  22.605864  37.622460
3.030303  0.000000  0.000000  0.000000  -29.864981  -2.534585  2.996693  71.862610  20.793628  5.585327  67.917257  40.047805  -72.799036  22.162629  40.104619
3.070707  0.000000  0.000000  0.000000  -30.334764  -2.098475  3.247980  70.850230  20.574099  5.875473  67.378287  40.196401  -73.099601  21.519862  43.544461
3.111111  0.000000  0.000000  0.000000  -30.516821  -1.505556  3.564629  69.662915  20.418520  6.108853  66.723795  40.500606  -73.338992  20.723218  47.623133
3.151515  0.000000  0.000000  0.000000  -30.564846  -0.892131  3.915645  68.490648  20.346256  6.313324  65.752456  40.892477  -73.172812  19.836046  51.877426
3.191919  0.000000  0.000000  0.000000  -30.629182  -0.391356  4.270682  67.518688  20.376474  6.516002  64.271082  41.306241  -72.268058  18.921697  55.855446
3.232323  0.000000  0.000000  0.000000  -30.774507  -0.056661  4.615877  66.812972  20.523421  6.725054  62.291051  41.730972  -70.578248  18.043360  59.390843
3.272727  0.000000  0.000000  0.000000  -30.975893  0.141919  4.954607  66.314618  20.796197  6.928828  60.037720  42.213117  -68.356605  17.264044  62.615952
3.313131  0.000000  0.000000  0.000000  -31.204195  0.238273  5.291059  65.958870  21.203658  7.114736  57.746512  42.801816  -65.870455  16.646751  65.677152
3.353535  0.000000  0.000000  0.000000  -31.433320  0.265080  5.626770  65.689537  21.745281  7.271518  55.617505  43.527349  -63.358584  16.246925  68.670545
3.393939  0.000000  0.000000  0.000000  -31.647120  0.251072  5.954639  65.478318  22.390018  7.392219  53.735710  44.358588  -60.966852  16.095413  71.528533
3.434343  0.000000  0.000000  0.000000  -31.831463  0.224178  6.265813  65.302576  23.100621  7.470762  52.162761  45.251930  -58.822242  16.218064  74.150261
3.474747  0.000000  0.000000  0.000000  -31.973411  0.210526  6.551468  65.141684  23.839164  7.502141  50.954760  46.163587  -57.043201  16.634132  76.438920
3.515152  0.000000  0.000000  0.000000  -32.074453  0.214387  6.803145  64.999385  24.559532  7.494352  50.100769  47.047530  -55.644678  17.282884  78.346750
3.555556  0.000000  0.000000  0.000000  -32.145679  0.225492  7.012627  64.895636  25.210165  7.464037  49.545245  47.856239  -54.572773  18.050384  79.858621
3.595960  0.000000  0.000000  0.000000  -32.198304  0.233334  7.171720  64.850594  25.739572  7.427954  49.231842  48.542278  -53.772425  18.821975  80.960254
3.636364  0.000000  0.000000  0.000000  -32.236848  0.230461  7.274504  64.872337  26.118717  7.397308  49.104257  49.072637  -53.199810  19.515273  81.672363
3.676768  0.000000  0.000000  0.000000  -32.252526  0.215500  7.319588  64.944921  26.363215  7.372259  49.106274  49.442996  -52.833455  20.112071  82.085239
3.717172  0.000000  0.000000  0.000000  -32.234980  0.187797  7.306115  65.049559  26.493961  7.351663  49.181686  49.652427  -52.654526  20.601753  82.297405
3.757576  0.000000  0.000000  0.000000  -32.175122  0.148091  7.235983  65.167102  26.533342  7.334466  49.278556  49.704607  -52.643290  20.973977  82.400449
3.797980  0.000000  0.000000  0.000000  -32.072476  0.106553  7.129756  65.275912  26.513827  7.320228  49.373819  49.634375  -52.773929  21.220265  82.439043
3.838384  0.000000  0.000000  0.000000  -31.930138  0.077263  7.015733  65.353326  26.472070  7.308765  49.456387  49.489492  -53.018097  21.332915  82.438404
3.878788  0.000000  0.000000  0.000000  -31.751212  0.074315  6.922239  65.376674  26.444739  7.299893  49.515209  49.317762  -53.347443  21.304226  82.423685
3.919192  0.000000  0.000000  0.000000  -31.538806  0.111802  6.877599  65.323289  26.468500  7.293430  49.539235  49.166989  -53.733614  21.126497  82.420041
3.959596  0.000000  0.000000  0.000000  -31.296025  0.203819  6.910139  65.170503  26.580020  7.289191  49.517413  49.084975  -54.148258  20.792029  82.452624
4.000000  0.000000  0.000000  0.000000  -31.025975  0.364458  7.048183  64.895647  26.815967  7.286993  49.438694  49.119523  -54.563022  20.293119  82.546590
