simulation
nRows=151
nColumns=15
endheader
time  TH_x TH_y TH_z SC_y  SC_z  SC_x  AC_y  AC_z  AC_x  GH_y  GH_z  GH_yy  EL_x  PS_y
0.000000  0.000000  0.000000  0.000000  -29.556349  -2.234723  11.789764  54.520942  -5.278315  -11.807253  17.719004  -4.134141  6.110542  25.620880  0.000000
0.010000  0.000000  0.000000  0.000000  -29.637955  -2.247977  11.780179  54.634946  -5.317896  -11.833172  17.698177  -3.989817  6.226691  25.617617  0.000000
0.020000  0.000000  0.000000  0.000000  -29.709283  -2.256836  11.786461  54.723740  -5.358100  -11.854056  17.697621  -3.817535  6.278456  25.608651  0.000000
0.030000  0.000000  0.000000  0.000000  -29.771044  -2.261491  11.807418  54.789790  -5.398752  -11.870548  17.715136  -3.618558  6.270791  25.594493  0.000000
0.040000  0.000000  0.000000  0.000000  -29.823922  -2.262127  11.841917  54.835430  -5.439658  -11.883241  17.748650  -3.394116  6.208414  25.575619  0.000000
0.050000  0.000000  0.000000  0.000000  -29.868575  -2.258928  11.888883  54.862869  -5.480609  -11.892688  17.796217  -3.145414  6.095816  25.552471  0.000000
0.060000  0.000000  0.000000  0.000000  -29.905637  -2.252070  11.947295  54.874196  -5.521382  -11.899401  17.856010  -2.873628  5.937263  25.525456  0.000000
0.070000  0.000000  0.000000  0.000000  -29.935714  -2.241729  12.016189  54.871382  -5.561743  -11.903852  17.926322  -2.579902  5.736806  25.494952  0.000000
0.080000  0.000000  0.000000  0.000000  -29.959392  -2.228073  12.094648  54.856283  -5.601453  -11.906480  18.005555  -2.265356  5.498285  25.461306  0.000000
0.090000  0.000000  0.000000  0.000000  -29.977231  -2.211269  12.181812  54.830647  -5.640264  -11.907688  18.092220  -1.931080  5.225338  25.424835  0.000000
0.100000  0.000000  0.000000  0.000000  -29.989766  -2.191479  12.276864  54.796115  -5.677928  -11.907848  18.184935  -1.578136  4.921407  25.385831  0.000000
0.110000  0.000000  0.000000  0.000000  -29.997513  -2.168859  12.379038  54.754226  -5.714193  -11.907301  18.282417  -1.207561  4.589742  25.344557  0.000000
0.120000  0.000000  0.000000  0.000000  -30.000963  -2.143565  12.487613  54.706420  -5.748806  -11.906361  18.383480  -0.820363  4.233409  25.301252  0.000000
0.130000  0.000000  0.000000  0.000000  -30.000585  -2.115746  12.601911  54.654039  -5.781514  -11.905312  18.487032  -0.417524  3.855296  25.256130  0.000000
0.140000  0.000000  0.000000  0.000000  -29.996830  -2.085546  12.721299  54.598336  -5.812067  -11.904412  18.592071  0.000000  3.458118  25.209382  0.000000
0.150000  0.000000  0.000000  0.000000  -29.990125  -2.053109  12.845183  54.540471  -5.840215  -11.903895  18.697680  0.431279  3.044424  25.161179  0.000000
0.160000  0.000000  0.000000  0.000000  -29.980879  -2.018572  12.973011  54.481519  -5.865710  -11.903971  18.803025  0.875408  2.616602  25.111671  0.000000
0.170000  0.000000  0.000000  0.000000  -29.969478  -1.982069  13.104267  54.422471  -5.888308  -11.904824  18.907352  1.331509  2.176885  25.060985  0.000000
0.180000  0.000000  0.000000  0.000000  -29.956293  -1.943730  13.238473  54.364238  -5.907768  -11.906619  19.009982  1.798728  1.727358  25.009234  0.000000
0.190000  0.000000  0.000000  0.000000  -29.941674  -1.903680  13.375187  54.307652  -5.923854  -11.909498  19.110309  2.276236  1.269958  24.956511  0.000000
0.200000  0.000000  0.000000  0.000000  -29.925952  -1.862042  13.514001  54.253470  -5.936331  -11.913583  19.207794  2.763228  0.806489  24.902894  0.000000
0.210000  0.000000  0.000000  0.000000  -29.909442  -1.818934  13.654539  54.202379  -5.944971  -11.918977  19.301966  3.258923  0.338618  24.848443  0.000000
0.220000  0.000000  0.000000  0.000000  -29.892440  -1.774471  13.796457  54.154992  -5.949549  -11.925762  19.392417  3.762564  -0.132115  24.793207  0.000000
0.230000  0.000000  0.000000  0.000000  -29.875227  -1.728763  13.939440  54.111860  -5.949847  -11.934005  19.478797  4.273418  -0.604292  24.737219  0.000000
0.240000  0.000000  0.000000  0.000000  -29.858064  -1.681918  14.083204  54.073465  -5.945650  -11.943753  19.560812  4.790774  -1.076613  24.680500  0.000000
0.250000  0.000000  0.000000  0.000000  -29.841201  -1.634038  14.227490  54.040231  -5.936750  -11.955039  19.638225  5.313945  -1.547891  24.623060  0.000000
0.260000  0.000000  0.000000  0.000000  -29.824868  -1.585222  14.372068  54.012520  -5.922942  -11.967879  19.710846  5.842266  -2.017047  24.564899  0.000000
0.270000  0.000000  0.000000  0.000000  -29.809282  -1.535567  14.516730  53.990640  -5.904030  -11.982274  19.778534  6.375093  -2.483103  24.506004  0.000000
0.280000  0.000000  0.000000  0.000000  -29.794646  -1.485165  14.661293  53.974842  -5.879822  -11.998213  19.841193  6.911806  -2.945182  24.446356  0.000000
0.290000  0.000000  0.000000  0.000000  -29.781146  -1.434104  14.805599  53.965327  -5.850134  -12.015669  19.898770  7.451804  -3.402500  24.385928  0.000000
0.300000  0.000000  0.000000  0.000000  -29.768958  -1.382469  14.949509  53.962247  -5.814787  -12.034605  19.951250  7.994510  -3.854361  24.324683  0.000000
0.310000  0.000000  0.000000  0.000000  -29.758240  -1.330341  15.092904  53.965707  -5.773610  -12.054970  19.998657  8.539365  -4.300154  24.262579  0.000000
0.320000  0.000000  0.000000  0.000000  -29.749141  -1.277798  15.235686  53.975766  -5.726439  -12.076704  20.041047  9.085833  -4.739350  24.199570  0.000000
0.330000  0.000000  0.000000  0.000000  -29.741795  -1.224914  15.377773  53.992443  -5.673117  -12.099736  20.078509  9.633396  -5.171493  24.135601  0.000000
0.340000  0.000000  0.000000  0.000000  -29.736325  -1.171760  15.519104  54.015716  -5.613497  -12.123984  20.111162  10.181558  -5.596203  24.070617  0.000000
0.350000  0.000000  0.000000  0.000000  -29.732842  -1.118405  15.659628  54.045527  -5.547437  -12.149361  20.139151  10.729840  -6.013164  24.004556  0.000000
0.360000  0.000000  0.000000  0.000000  -29.731444  -1.064911  15.799315  54.081782  -5.474806  -12.175769  20.162646  11.277785  -6.422126  23.937355  0.000000
0.370000  0.000000  0.000000  0.000000  -29.732222  -1.011339  15.938146  54.124353  -5.395480  -12.203103  20.181839  11.824953  -6.822899  23.868947  0.000000
0.380000  0.000000  0.000000  0.000000  -29.735251  -0.957748  16.076115  54.173085  -5.309347  -12.231253  20.196944  12.370922  -7.215348  23.799265  0.000000
0.390000  0.000000  0.000000  0.000000  -29.740600  -0.904191  16.213228  54.227791  -5.216302  -12.260101  20.208192  12.915291  -7.599392  23.728242  0.000000
0.400000  0.000000  0.000000  0.000000  -29.748326  -0.850720  16.349504  54.288259  -5.116249  -12.289527  20.215829  13.457674  -7.974998  23.655807  0.000000
0.410000  0.000000  0.000000  0.000000  -29.758476  -0.797383  16.484969  54.354255  -5.009105  -12.319403  20.220116  13.997705  -8.342178  23.581892  0.000000
0.420000  0.000000  0.000000  0.000000  -29.771091  -0.744223  16.619662  54.425520  -4.894796  -12.349599  20.221327  14.535031  -8.700987  23.506430  0.000000
0.430000  0.000000  0.000000  0.000000  -29.786200  -0.691284  16.753627  54.501778  -4.773258  -12.379982  20.219745  15.069322  -9.051517  23.429353  0.000000
0.440000  0.000000  0.000000  0.000000  -29.803823  -0.638605  16.886918  54.582734  -4.644439  -12.410415  20.215661  15.600258  -9.393896  23.350597  0.000000
0.450000  0.000000  0.000000  0.000000  -29.823976  -0.586220  17.019595  54.668076  -4.508298  -12.440760  20.209375  16.127541  -9.728285  23.270099  0.000000
0.460000  0.000000  0.000000  0.000000  -29.846663  -0.534163  17.151724  54.757481  -4.364804  -12.470879  20.201188  16.650885  -10.054873  23.187799  0.000000
0.470000  0.000000  0.000000  0.000000  -29.871883  -0.482465  17.283375  54.850613  -4.213941  -12.500628  20.191407  17.170021  -10.373875  23.103640  0.000000
0.480000  0.000000  0.000000  0.000000  -29.899627  -0.431152  17.414624  54.947125  -4.055702  -12.529869  20.180340  17.684694  -10.685529  23.017569  0.000000
0.490000  0.000000  0.000000  0.000000  -29.929879  -0.380250  17.545551  55.046654  -3.890084  -12.558450  20.168295  18.194665  -10.990094  22.929537  0.000000
0.500000  0.000000  0.000000  0.000000  -29.962618  -0.329780  17.676237  55.148863  -3.717125  -12.586252  20.155579  18.699710  -11.287847  22.839500  0.000000
0.510000  0.000000  0.000000  0.000000  -29.997814  -0.279762  17.806767  55.253372  -3.536843  -12.613123  20.142496  19.199618  -11.579078  22.747417  0.000000
0.520000  0.000000  0.000000  0.000000  -30.035434  -0.230214  17.937226  55.359815  -3.349282  -12.638925  20.129344  19.694191  -11.864091  22.653255  0.000000
0.530000  0.000000  0.000000  0.000000  -30.075438  -0.181148  18.067703  55.467821  -3.154496  -12.663521  20.116420  20.183247  -12.143199  22.556982  0.000000
0.540000  0.000000  0.000000  0.000000  -30.117781  -0.132578  18.198283  55.577022  -2.952553  -12.686776  20.104009  20.666614  -12.416725  22.458576  0.000000
0.550000  0.000000  0.000000  0.000000  -30.162414  -0.084512  18.329054  55.687052  -2.743534  -12.708560  20.092393  21.144135  -12.684994  22.358020  0.000000
0.560000  0.000000  0.000000  0.000000  -30.209282  -0.036959  18.460102  55.797546  -2.527529  -12.728742  20.081841  21.615665  -12.948335  22.255301  0.000000
0.570000  0.000000  0.000000  0.000000  -30.258327  0.010076  18.591512  55.908145  -2.304645  -12.747198  20.072615  22.081070  -13.207081  22.150415  0.000000
0.580000  0.000000  0.000000  0.000000  -30.309486  0.056592  18.723367  56.018490  -2.074984  -12.763797  20.064965  22.540229  -13.461560  22.043364  0.000000
0.590000  0.000000  0.000000  0.000000  -30.362691  0.102586  18.855746  56.128249  -1.838703  -12.778436  20.059128  22.993031  -13.712100  21.934156  0.000000
0.600000  0.000000  0.000000  0.000000  -30.417874  0.148059  18.988727  56.237077  -1.595932  -12.790992  20.055331  23.439378  -13.959023  21.822807  0.000000
0.610000  0.000000  0.000000  0.000000  -30.474960  0.193016  19.122385  56.344646  -1.346823  -12.801357  20.053784  23.879180  -14.202645  21.709341  0.000000
0.620000  0.000000  0.000000  0.000000  -30.533874  0.237461  19.256788  56.450639  -1.091543  -12.809423  20.054685  24.312359  -14.443274  21.593786  0.000000
0.630000  0.000000  0.000000  0.000000  -30.594536  0.281400  19.392003  56.554749  -0.830267  -12.815091  20.058217  24.738848  -14.681208  21.476183  0.000000
0.640000  0.000000  0.000000  0.000000  -30.656864  0.324843  19.528091  56.656681  -0.563198  -12.818266  20.064547  25.158586  -14.916735  21.356575  0.000000
0.650000  0.000000  0.000000  0.000000  -30.720775  0.367799  19.665108  56.756159  -0.290495  -12.818851  20.073825  25.571524  -15.150129  21.235015  0.000000
0.660000  0.000000  0.000000  0.000000  -30.786183  0.410280  19.803103  56.852917  -0.012411  -12.816780  20.086185  25.977622  -15.381652  21.111564  0.000000
0.670000  0.000000  0.000000  0.000000  -30.853000  0.452299  19.942122  56.946687  0.270853  -12.811930  20.101745  26.376847  -15.611551  20.986291  0.000000
0.680000  0.000000  0.000000  0.000000  -30.921138  0.493872  20.082204  57.037250  0.559061  -12.804268  20.120603  26.769176  -15.840055  20.859270  0.000000
0.690000  0.000000  0.000000  0.000000  -30.990505  0.535014  20.223380  57.124378  0.851975  -12.793713  20.142841  27.154590  -16.067379  20.730586  0.000000
0.700000  0.000000  0.000000  0.000000  -31.061010  0.575742  20.365676  57.207855  1.149327  -12.780201  20.168523  27.533083  -16.293718  20.600330  0.000000
0.710000  0.000000  0.000000  0.000000  -31.132561  0.616075  20.509111  57.287517  1.450901  -12.763670  20.197695  27.904651  -16.519248  20.468599  0.000000
0.720000  0.000000  0.000000  0.000000  -31.205064  0.656032  20.653696  57.363179  1.756389  -12.744082  20.230383  28.269300  -16.744129  20.335501  0.000000
0.730000  0.000000  0.000000  0.000000  -31.278427  0.695635  20.799435  57.434679  2.065520  -12.721386  20.266595  28.627040  -16.968497  20.201148  0.000000
0.740000  0.000000  0.000000  0.000000  -31.352554  0.734904  20.946325  57.501884  2.378020  -12.695540  20.306322  28.977889  -17.192468  20.065661  0.000000
0.750000  0.000000  0.000000  0.000000  -31.427353  0.773862  21.094356  57.564674  2.693593  -12.666519  20.349534  29.321869  -17.416140  19.929166  0.000000
0.760000  0.000000  0.000000  0.000000  -31.502729  0.812532  21.243507  57.622947  3.011941  -12.634296  20.396186  29.659009  -17.639585  19.791800  0.000000
0.770000  0.000000  0.000000  0.000000  -31.578590  0.850938  21.393752  57.676614  3.332743  -12.598856  20.446212  29.989341  -17.862857  19.653702  0.000000
0.780000  0.000000  0.000000  0.000000  -31.654841  0.889105  21.545057  57.725608  3.655700  -12.560186  20.499530  30.312902  -18.085986  19.515021  0.000000
0.790000  0.000000  0.000000  0.000000  -31.731391  0.927056  21.697379  57.769883  3.980504  -12.518275  20.556038  30.629733  -18.308981  19.375909  0.000000
0.800000  0.000000  0.000000  0.000000  -31.808149  0.964818  21.850667  57.809396  4.306807  -12.473134  20.615619  30.939881  -18.531828  19.236526  0.000000
0.810000  0.000000  0.000000  0.000000  -31.885022  1.002415  22.004861  57.844132  4.634290  -12.424769  20.678137  31.243393  -18.754492  19.097039  0.000000
0.820000  0.000000  0.000000  0.000000  -31.961924  1.039875  22.159894  57.874092  4.962620  -12.373196  20.743442  31.540320  -18.976916  18.957616  0.000000
0.830000  0.000000  0.000000  0.000000  -32.038764  1.077221  22.315691  57.899289  5.291457  -12.318437  20.811366  31.830718  -19.199020  18.818435  0.000000
0.840000  0.000000  0.000000  0.000000  -32.115457  1.114482  22.472169  57.919753  5.620461  -12.260521  20.881727  32.114643  -19.420705  18.679676  0.000000
0.850000  0.000000  0.000000  0.000000  -32.191918  1.151681  22.629235  57.935532  5.949286  -12.199485  20.954327  32.392153  -19.641850  18.541522  0.000000
0.860000  0.000000  0.000000  0.000000  -32.268063  1.188845  22.786791  57.946686  6.277587  -12.135372  21.028956  32.663307  -19.862313  18.404164  0.000000
0.870000  0.000000  0.000000  0.000000  -32.343811  1.225999  22.944729  57.953273  6.605001  -12.068239  21.105389  32.928168  -20.081934  18.267793  0.000000
0.880000  0.000000  0.000000  0.000000  -32.419083  1.263168  23.102934  57.955410  6.931196  -11.998130  21.183389  33.186796  -20.300534  18.132604  0.000000
0.890000  0.000000  0.000000  0.000000  -32.493801  1.300377  23.261283  57.953187  7.255812  -11.925115  21.262708  33.439254  -20.517915  17.998796  0.000000
0.900000  0.000000  0.000000  0.000000  -32.567890  1.337648  23.419647  57.946719  7.578496  -11.849263  21.343088  33.685605  -20.733861  17.866568  0.000000
0.910000  0.000000  0.000000  0.000000  -32.641278  1.375006  23.577888  57.936134  7.898894  -11.770650  21.424259  33.925909  -20.948142  17.736123  0.000000
0.920000  0.000000  0.000000  0.000000  -32.713894  1.412473  23.735862  57.921570  8.216654  -11.689361  21.505947  34.160229  -21.160511  17.607663  0.000000
0.930000  0.000000  0.000000  0.000000  -32.785671  1.450069  23.893419  57.903178  8.531424  -11.605485  21.587866  34.388624  -21.370709  17.481392  0.000000
0.940000  0.000000  0.000000  0.000000  -32.856544  1.487816  24.050402  57.881117  8.842854  -11.519118  21.669726  34.611153  -21.578461  17.357514  0.000000
0.950000  0.000000  0.000000  0.000000  -32.926451  1.525732  24.206647  57.855556  9.150595  -11.430362  21.751233  34.827872  -21.783483  17.236231  0.000000
0.960000  0.000000  0.000000  0.000000  -32.995332  1.563836  24.361984  57.826674  9.454302  -11.339327  21.832089  35.038836  -21.985481  17.117747  0.000000
0.970000  0.000000  0.000000  0.000000  -33.063130  1.602144  24.516240  57.794658  9.753633  -11.246128  21.911992  35.244096  -22.184152  17.002260  0.000000
0.980000  0.000000  0.000000  0.000000  -33.129794  1.640672  24.669234  57.759701  10.048249  -11.150886  21.990642  35.443701  -22.379186  16.889970  0.000000
0.990000  0.000000  0.000000  0.000000  -33.195271  1.679432  24.820781  57.722003  10.337816  -11.053729  22.067738  35.637697  -22.570268  16.781070  0.000000
1.000000  0.000000  0.000000  0.000000  -33.259515  1.718437  24.970694  57.681773  10.622003  -10.954792  22.142982  35.826124  -22.757079  16.675753  0.000000
1.010000  0.000000  0.000000  0.000000  -33.322482  1.757696  25.118778  57.639222  10.900489  -10.854215  22.216079  36.009019  -22.939301  16.574204  0.000000
1.020000  0.000000  0.000000  0.000000  -33.384132  1.797219  25.264837  57.594567  11.172955  -10.752144  22.286742  36.186417  -23.116612  16.476606  0.000000
1.030000  0.000000  0.000000  0.000000  -33.444427  1.837010  25.408672  57.548029  11.439092  -10.648731  22.354690  36.358343  -23.288697  16.383133  0.000000
1.040000  0.000000  0.000000  0.000000  -33.503332  1.877074  25.550080  57.499821  11.698600  -10.544122  22.419649  36.524820  -23.455244  16.293955  0.000000
1.050000  0.000000  0.000000  0.000000  -33.560818  1.917412  25.688857  57.450190  11.951180  -10.438497  22.481360  36.685865  -23.615947  16.209232  0.000000
1.060000  0.000000  0.000000  0.000000  -33.616857  1.958023  25.824799  57.399354  12.196549  -10.332018  22.539575  36.841488  -23.770511  16.129119  0.000000
1.070000  0.000000  0.000000  0.000000  -33.671426  1.998904  25.957697  57.347554  12.434415  -10.224883  22.594060  36.991692  -23.918651  16.053758  0.000000
1.080000  0.000000  0.000000  0.000000  -33.724505  2.040049  26.087345  57.294995  12.664540  -10.117235  22.644599  37.136476  -24.060098  15.983283  0.000000
1.090000  0.000000  0.000000  0.000000  -33.776076  2.081448  26.213536  57.241916  12.886658  -10.009277  22.690997  37.275827  -24.194598  15.917819  0.000000
1.100000  0.000000  0.000000  0.000000  -33.826127  2.123091  26.336065  57.188543  13.100529  -9.901199  22.733076  37.409728  -24.321918  15.857474  0.000000
1.110000  0.000000  0.000000  0.000000  -33.874649  2.164961  26.454726  57.135102  13.305923  -9.793199  22.770686  37.538153  -24.441847  15.802349  0.000000
1.120000  0.000000  0.000000  0.000000  -33.921636  2.207042  26.569317  57.081812  13.502626  -9.685479  22.803699  37.661067  -24.554199  15.752527  0.000000
1.130000  0.000000  0.000000  0.000000  -33.967085  2.249310  26.679639  57.028891  13.690437  -9.578247  22.832018  37.778425  -24.658816  15.708079  0.000000
1.140000  0.000000  0.000000  0.000000  -34.010997  2.291743  26.785496  56.976551  13.869170  -9.471715  22.855574  37.890174  -24.755571  15.669059  0.000000
1.150000  0.000000  0.000000  0.000000  -34.053378  2.334311  26.886696  56.924997  14.038658  -9.366103  22.874334  37.996253  -24.844371  15.635505  0.000000
1.160000  0.000000  0.000000  0.000000  -34.094236  2.376982  26.983052  56.874428  14.198749  -9.261631  22.888298  38.096587  -24.925163  15.607436  0.000000
1.170000  0.000000  0.000000  0.000000  -34.133583  2.419719  27.074384  56.825036  14.349308  -9.158529  22.897505  38.191093  -24.997932  15.584856  0.000000
1.180000  0.000000  0.000000  0.000000  -34.171434  2.462484  27.160517  56.777003  14.490223  -9.057029  22.902034  38.279677  -25.062709  15.567744  0.000000
1.190000  0.000000  0.000000  0.000000  -34.207808  2.505231  27.241284  56.730501  14.621398  -8.957367  22.902009  38.362233  -25.119573  15.556062  0.000000
1.200000  0.000000  0.000000  0.000000  -34.242728  2.547913  27.316527  56.685691  14.742760  -8.859783  22.897600  38.438643  -25.168652  15.549748  0.000000
1.210000  0.000000  0.000000  0.000000  -34.276218  2.590476  27.386097  56.642722  14.854259  -8.764525  22.889024  38.508778  -25.210132  15.548718  0.000000
1.220000  0.000000  0.000000  0.000000  -34.308310  2.632863  27.449854  56.601730  14.955865  -8.671839  22.876553  38.572496  -25.244257  15.552863  0.000000
1.230000  0.000000  0.000000  0.000000  -34.339034  2.675012  27.507669  56.562834  15.047575  -8.581980  22.860512  38.629640  -25.271334  15.562049  0.000000
1.240000  0.000000  0.000000  0.000000  -34.368428  2.716857  27.559427  56.526138  15.129410  -8.495201  22.841283  38.680044  -25.291735  15.576114  0.000000
1.250000  0.000000  0.000000  0.000000  -34.396528  2.758324  27.605023  56.491729  15.201416  -8.411763  22.819312  38.723523  -25.305906  15.594871  0.000000
1.260000  0.000000  0.000000  0.000000  -34.423379  2.799337  27.644368  56.459672  15.263669  -8.331925  22.795107  38.759882  -25.314364  15.618100  0.000000
1.270000  0.000000  0.000000  0.000000  -34.449025  2.839814  27.677386  56.430013  15.316270  -8.255951  22.769243  38.788911  -25.317709  15.645554  0.000000
1.280000  0.000000  0.000000  0.000000  -34.473514  2.879667  27.704019  56.402775  15.359353  -8.184105  22.742367  38.810381  -25.316621  15.676952  0.000000
1.290000  0.000000  0.000000  0.000000  -34.496897  2.918803  27.724223  56.377955  15.393080  -8.116653  22.715200  38.824053  -25.311871  15.711981  0.000000
1.300000  0.000000  0.000000  0.000000  -34.519228  2.957122  27.737975  56.355526  15.417646  -8.053861  22.688538  38.829668  -25.304320  15.750293  0.000000
1.310000  0.000000  0.000000  0.000000  -34.540564  2.994520  27.745269  56.335431  15.433279  -7.995996  22.663260  38.826953  -25.294927  15.791505  0.000000
1.320000  0.000000  0.000000  0.000000  -34.560965  3.030885  27.746120  56.317581  15.440240  -7.943323  22.640329  38.815618  -25.284754  15.835196  0.000000
1.330000  0.000000  0.000000  0.000000  -34.580491  3.066100  27.740565  56.301856  15.438826  -7.896106  22.620794  38.795356  -25.274966  15.880908  0.000000
1.340000  0.000000  0.000000  0.000000  -34.599209  3.100043  27.728660  56.288100  15.429371  -7.854608  22.605798  38.765840  -25.266842  15.928142  0.000000
1.350000  0.000000  0.000000  0.000000  -34.617183  3.132582  27.710490  56.276121  15.412246  -7.819089  22.596577  38.726730  -25.261776  15.976357  0.000000
1.360000  0.000000  0.000000  0.000000  -34.634484  3.163581  27.686160  56.265686  15.387860  -7.789804  22.594467  38.677663  -25.261285  16.024971  0.000000
1.370000  0.000000  0.000000  0.000000  -34.651182  3.192897  27.655804  56.256518  15.356665  -7.767007  22.600906  38.618260  -25.267010  16.073356  0.000000
1.380000  0.000000  0.000000  0.000000  -34.667351  3.220379  27.619582  56.248297  15.319151  -7.750943  22.617437  38.548122  -25.280726  16.120840  0.000000
1.390000  0.000000  0.000000  0.000000  -34.683065  3.245870  27.577683  56.240654  15.275852  -7.741856  22.645717  38.466830  -25.304342  16.166701  0.000000
1.400000  0.000000  0.000000  0.000000  -34.698400  3.269204  27.530326  56.233171  15.227347  -7.739978  22.687515  38.373945  -25.339913  16.210171  0.000000
1.410000  0.000000  0.000000  0.000000  -34.713436  3.290209  27.477760  56.225374  15.174259  -7.745537  22.744718  38.269009  -25.389639  16.250431  0.000000
1.420000  0.000000  0.000000  0.000000  -34.728252  3.308705  27.420269  56.216736  15.117257  -7.758752  22.819336  38.151541  -25.455874  16.286607  0.000000
1.430000  0.000000  0.000000  0.000000  -34.742928  3.324504  27.358167  56.206667  15.057059  -7.779831  22.913507  38.021041  -25.541131  16.317776  0.000000
1.440000  0.000000  0.000000  0.000000  -34.757547  3.337410  27.291807  56.194519  14.994432  -7.808973  23.029498  37.876985  -25.648090  16.342956  0.000000
1.450000  0.000000  0.000000  0.000000  -34.772192  3.347220  27.221577  56.179576  14.930194  -7.846366  23.169713  37.718828  -25.779599  16.361110  0.000000
1.460000  0.000000  0.000000  0.000000  -34.786947  3.353721  27.147903  56.161056  14.865213  -7.892185  23.336694  37.546003  -25.938683  16.371143  0.000000
1.470000  0.000000  0.000000  0.000000  -34.801896  3.356692  27.071251  56.138105  14.800416  -7.946591  23.533127  37.357919  -26.128552  16.371896  0.000000
1.480000  0.000000  0.000000  0.000000  -34.817124  3.355904  26.992127  56.109796  14.736779  -8.009732  23.761848  37.153963  -26.352601  16.362154  0.000000
1.490000  0.000000  0.000000  0.000000  -34.832717  3.351119  26.911081  56.075127  14.675341  -8.081739  24.025843  36.933496  -26.614425  16.340632  0.000000
1.500000  0.000000  0.000000  0.000000  -34.848760  3.342089  26.828705  56.033015  14.617197  -8.162730  24.328260  36.695855  -26.917815  16.305984  0.000000
